
 
LSQR            Least-squares solution of  Ax = b
The matrix A has    79200 rows  and 2.4576e+06 cols
damp = 0.00000000000000e+00    wantvar =        1
atol = 1.00e-06                 conlim = 1.00e+300
btol = 1.00e-06                 itnlim =     1000
 
   Itn      x(1)       r1norm     r2norm  Compatible   LS      Norm A   Cond A
     0  0.00000e+00  2.045e+04  2.045e+04   1.0e+00  4.2e-04
     1  1.45314e-01  7.504e+03  7.504e+03   3.7e-01  1.6e-01  9.1e+00  1.0e+00
     2  2.40389e-01  7.337e+03  7.337e+03   3.6e-01  7.0e-02  1.1e+01  2.1e+00
     3  4.45534e-01  7.213e+03  7.213e+03   3.5e-01  8.3e-02  1.3e+01  4.1e+00
     4  9.89014e-01  6.955e+03  6.955e+03   3.4e-01  8.9e-02  1.5e+01  8.0e+00
     5  1.84150e+00  6.556e+03  6.556e+03   3.2e-01  1.1e-01  1.6e+01  1.3e+01
     6  3.13878e+00  6.036e+03  6.036e+03   3.0e-01  9.6e-02  1.7e+01  1.8e+01
     7  3.63298e+00  5.803e+03  5.803e+03   2.8e-01  5.5e-02  1.9e+01  2.2e+01
     8  4.28346e+00  5.673e+03  5.673e+03   2.8e-01  4.9e-02  2.0e+01  2.4e+01
     9  4.94327e+00  5.563e+03  5.563e+03   2.7e-01  4.4e-02  2.1e+01  2.7e+01
    10  4.72271e+00  5.419e+03  5.419e+03   2.7e-01  5.8e-02  2.2e+01  3.1e+01
    20  4.14481e+00  3.823e+03  3.823e+03   1.9e-01  4.1e-02  3.0e+01  7.7e+01
    30 -1.59940e+00  2.383e+03  2.383e+03   1.2e-01  3.5e-02  3.6e+01  1.3e+02
    40 -2.46427e+00  1.749e+03  1.749e+03   8.6e-02  3.1e-02  4.2e+01  1.8e+02
    50 -5.14479e+00  1.190e+03  1.190e+03   5.8e-02  2.0e-02  4.7e+01  2.3e+02
    60 -7.86272e+00  8.550e+02  8.550e+02   4.2e-02  2.1e-02  5.1e+01  2.9e+02
    70 -9.53838e+00  5.963e+02  5.963e+02   2.9e-02  1.9e-02  5.5e+01  3.5e+02
    80 -1.39391e+01  3.320e+02  3.320e+02   1.6e-02  1.8e-02  5.6e+01  4.2e+02
    90 -1.53436e+01  2.096e+02  2.096e+02   1.0e-02  1.8e-02  6.0e+01  5.0e+02
   100 -1.68736e+01  1.533e+02  1.533e+02   7.5e-03  1.7e-02  6.4e+01  5.8e+02
   110 -1.83022e+01  1.145e+02  1.145e+02   5.6e-03  1.3e-02  6.7e+01  6.6e+02
   120 -1.89607e+01  9.348e+01  9.348e+01   4.6e-03  1.1e-02  7.0e+01  7.3e+02
   130 -1.96951e+01  7.625e+01  7.625e+01   3.7e-03  8.2e-03  7.3e+01  8.0e+02
   140 -2.04740e+01  6.113e+01  6.113e+01   3.0e-03  1.0e-02  7.6e+01  8.7e+02
   150 -2.12189e+01  4.667e+01  4.667e+01   2.3e-03  6.6e-03  7.8e+01  9.5e+02
   160 -2.18574e+01  3.677e+01  3.677e+01   1.8e-03  5.8e-03  8.0e+01  1.0e+03
   170 -2.24364e+01  3.118e+01  3.118e+01   1.5e-03  1.3e-02  8.2e+01  1.1e+03
   180 -2.30456e+01  2.672e+01  2.672e+01   1.3e-03  6.3e-03  8.5e+01  1.2e+03
   190 -2.36838e+01  2.321e+01  2.321e+01   1.1e-03  1.3e-02  8.8e+01  1.3e+03
   195 -2.39874e+01  2.173e+01  2.173e+01   1.1e-03  5.5e-03  8.9e+01  1.4e+03
   196 -2.40339e+01  2.152e+01  2.152e+01   1.1e-03  9.6e-03  8.9e+01  1.4e+03
   197 -2.41231e+01  2.111e+01  2.111e+01   1.0e-03  8.9e-03  9.0e+01  1.4e+03
   198 -2.41663e+01  2.092e+01  2.092e+01   1.0e-03  5.3e-03  9.0e+01  1.4e+03
   199 -2.41917e+01  2.081e+01  2.081e+01   1.0e-03  5.8e-03  9.0e+01  1.4e+03
   200 -2.42704e+01  2.046e+01  2.046e+01   1.0e-03  1.2e-02  9.0e+01  1.4e+03
   201 -2.43674e+01  2.004e+01  2.004e+01   9.8e-04  6.2e-03  9.1e+01  1.4e+03
   202 -2.43912e+01  1.993e+01  1.993e+01   9.7e-04  4.6e-03  9.1e+01  1.4e+03
   203 -2.44199e+01  1.981e+01  1.981e+01   9.7e-04  6.7e-03  9.1e+01  1.4e+03
   204 -2.45140e+01  1.945e+01  1.945e+01   9.5e-04  1.0e-02  9.1e+01  1.4e+03
   205 -2.46247e+01  1.902e+01  1.902e+01   9.3e-04  6.2e-03  9.1e+01  1.5e+03
   206 -2.46572e+01  1.890e+01  1.890e+01   9.2e-04  5.8e-03  9.2e+01  1.5e+03
   207 -2.47094e+01  1.871e+01  1.871e+01   9.1e-04  8.8e-03  9.2e+01  1.5e+03
   208 -2.48050e+01  1.836e+01  1.836e+01   9.0e-04  7.8e-03  9.2e+01  1.5e+03
   209 -2.48516e+01  1.819e+01  1.819e+01   8.9e-04  5.2e-03  9.2e+01  1.5e+03
   210 -2.49093e+01  1.798e+01  1.798e+01   8.8e-04  8.0e-03  9.2e+01  1.5e+03
   211 -2.49881e+01  1.768e+01  1.768e+01   8.6e-04  6.3e-03  9.3e+01  1.5e+03
   212 -2.50192e+01  1.756e+01  1.756e+01   8.6e-04  5.1e-03  9.3e+01  1.5e+03
   213 -2.50466e+01  1.746e+01  1.746e+01   8.5e-04  6.5e-03  9.3e+01  1.5e+03
   214 -2.51184e+01  1.720e+01  1.720e+01   8.4e-04  8.8e-03  9.3e+01  1.5e+03
   215 -2.51761e+01  1.699e+01  1.699e+01   8.3e-04  8.4e-03  9.3e+01  1.5e+03
   216 -2.52220e+01  1.682e+01  1.682e+01   8.2e-04  3.9e-03  9.4e+01  1.6e+03
   217 -2.52516e+01  1.672e+01  1.672e+01   8.2e-04  5.8e-03  9.4e+01  1.6e+03
   218 -2.53791e+01  1.628e+01  1.628e+01   8.0e-04  7.6e-03  9.4e+01  1.6e+03
   219 -2.54334e+01  1.609e+01  1.609e+01   7.9e-04  4.2e-03  9.4e+01  1.6e+03
   220 -2.54645e+01  1.599e+01  1.599e+01   7.8e-04  5.1e-03  9.4e+01  1.6e+03
   221 -2.55377e+01  1.576e+01  1.576e+01   7.7e-04  1.1e-02  9.4e+01  1.6e+03
   222 -2.56712e+01  1.533e+01  1.533e+01   7.5e-04  4.4e-03  9.5e+01  1.6e+03
   223 -2.57104e+01  1.520e+01  1.520e+01   7.4e-04  5.5e-03  9.5e+01  1.6e+03
   224 -2.57515e+01  1.507e+01  1.507e+01   7.4e-04  9.1e-03  9.5e+01  1.6e+03
   225 -2.58260e+01  1.483e+01  1.483e+01   7.3e-04  7.1e-03  9.5e+01  1.7e+03
   226 -2.59154e+01  1.454e+01  1.454e+01   7.1e-04  4.1e-03  9.5e+01  1.7e+03
   227 -2.59472e+01  1.445e+01  1.445e+01   7.1e-04  4.8e-03  9.5e+01  1.7e+03
   228 -2.61019e+01  1.397e+01  1.397e+01   6.8e-04  6.7e-03  9.6e+01  1.7e+03
   229 -2.61230e+01  1.391e+01  1.391e+01   6.8e-04  5.3e-03  9.6e+01  1.7e+03
   230 -2.61613e+01  1.380e+01  1.380e+01   6.7e-04  3.8e-03  9.6e+01  1.7e+03
   231 -2.62384e+01  1.358e+01  1.358e+01   6.6e-04  1.0e-02  9.6e+01  1.7e+03
   232 -2.62918e+01  1.343e+01  1.343e+01   6.6e-04  4.2e-03  9.7e+01  1.7e+03
   233 -2.63487e+01  1.327e+01  1.327e+01   6.5e-04  5.7e-03  9.7e+01  1.7e+03
   234 -2.64083e+01  1.312e+01  1.312e+01   6.4e-04  1.0e-02  9.7e+01  1.7e+03
   235 -2.64869e+01  1.291e+01  1.291e+01   6.3e-04  3.4e-03  9.7e+01  1.8e+03
   236 -2.66354e+01  1.251e+01  1.251e+01   6.1e-04  8.1e-03  9.7e+01  1.8e+03
   237 -2.66718e+01  1.241e+01  1.241e+01   6.1e-04  6.9e-03  9.7e+01  1.8e+03
   238 -2.67296e+01  1.226e+01  1.226e+01   6.0e-04  4.9e-03  9.8e+01  1.8e+03
   239 -2.67696e+01  1.216e+01  1.216e+01   5.9e-04  6.3e-03  9.8e+01  1.8e+03
   240 -2.68004e+01  1.208e+01  1.208e+01   5.9e-04  5.8e-03  9.8e+01  1.8e+03
   241 -2.68757e+01  1.189e+01  1.189e+01   5.8e-04  1.0e-02  9.8e+01  1.8e+03
   242 -2.69479e+01  1.170e+01  1.170e+01   5.7e-04  4.1e-03  9.9e+01  1.9e+03
   243 -2.69740e+01  1.163e+01  1.163e+01   5.7e-04  6.7e-03  9.9e+01  1.9e+03
   244 -2.70195e+01  1.152e+01  1.152e+01   5.6e-04  5.5e-03  9.9e+01  1.9e+03
   245 -2.71282e+01  1.124e+01  1.124e+01   5.5e-04  8.9e-03  9.9e+01  1.9e+03
   246 -2.71649e+01  1.114e+01  1.114e+01   5.5e-04  4.9e-03  9.9e+01  1.9e+03
   247 -2.71980e+01  1.106e+01  1.106e+01   5.4e-04  5.9e-03  9.9e+01  1.9e+03
   248 -2.72310e+01  1.098e+01  1.098e+01   5.4e-04  5.0e-03  1.0e+02  1.9e+03
   249 -2.73072e+01  1.078e+01  1.078e+01   5.3e-04  1.2e-02  1.0e+02  1.9e+03
   250 -2.74006e+01  1.054e+01  1.054e+01   5.2e-04  4.7e-03  1.0e+02  1.9e+03
   251 -2.74133e+01  1.051e+01  1.051e+01   5.1e-04  4.4e-03  1.0e+02  2.0e+03
   252 -2.74815e+01  1.034e+01  1.034e+01   5.1e-04  6.5e-03  1.0e+02  2.0e+03
   253 -2.75275e+01  1.022e+01  1.022e+01   5.0e-04  9.2e-03  1.0e+02  2.0e+03
   254 -2.76237e+01  9.975e+00  9.975e+00   4.9e-04  5.1e-03  1.0e+02  2.0e+03
   255 -2.76424e+01  9.929e+00  9.929e+00   4.9e-04  5.1e-03  1.0e+02  2.0e+03
   256 -2.76798e+01  9.837e+00  9.837e+00   4.8e-04  6.8e-03  1.0e+02  2.0e+03
   257 -2.77142e+01  9.753e+00  9.753e+00   4.8e-04  5.2e-03  1.0e+02  2.0e+03
   258 -2.77671e+01  9.623e+00  9.623e+00   4.7e-04  1.0e-02  1.0e+02  2.0e+03
   259 -2.78485e+01  9.420e+00  9.420e+00   4.6e-04  4.5e-03  1.0e+02  2.1e+03
   260 -2.78632e+01  9.384e+00  9.384e+00   4.6e-04  4.3e-03  1.0e+02  2.1e+03
   261 -2.79725e+01  9.123e+00  9.123e+00   4.5e-04  1.2e-02  1.0e+02  2.1e+03
   262 -2.80367e+01  8.968e+00  8.968e+00   4.4e-04  3.7e-03  1.0e+02  2.1e+03
   263 -2.80512e+01  8.934e+00  8.934e+00   4.4e-04  6.0e-03  1.0e+02  2.1e+03
   264 -2.81573e+01  8.686e+00  8.686e+00   4.2e-04  1.1e-02  1.0e+02  2.1e+03
   265 -2.82479e+01  8.470e+00  8.470e+00   4.1e-04  5.9e-03  1.0e+02  2.1e+03
   266 -2.82630e+01  8.433e+00  8.433e+00   4.1e-04  4.2e-03  1.0e+02  2.1e+03
   267 -2.83209e+01  8.298e+00  8.298e+00   4.1e-04  7.5e-03  1.0e+02  2.2e+03
   268 -2.83579e+01  8.211e+00  8.211e+00   4.0e-04  6.7e-03  1.0e+02  2.2e+03
   269 -2.84394e+01  8.017e+00  8.017e+00   3.9e-04  9.5e-03  1.0e+02  2.2e+03
   270 -2.84834e+01  7.911e+00  7.911e+00   3.9e-04  3.9e-03  1.0e+02  2.2e+03
   271 -2.85088e+01  7.850e+00  7.850e+00   3.8e-04  6.8e-03  1.0e+02  2.2e+03
   272 -2.85831e+01  7.674e+00  7.674e+00   3.8e-04  8.0e-03  1.0e+02  2.2e+03
   273 -2.86161e+01  7.594e+00  7.594e+00   3.7e-04  5.5e-03  1.0e+02  2.2e+03
   274 -2.86556e+01  7.498e+00  7.498e+00   3.7e-04  8.1e-03  1.1e+02  2.2e+03
   275 -2.86862e+01  7.422e+00  7.422e+00   3.6e-04  4.6e-03  1.1e+02  2.3e+03
   276 -2.87008e+01  7.386e+00  7.386e+00   3.6e-04  5.1e-03  1.1e+02  2.3e+03
   277 -2.87981e+01  7.148e+00  7.148e+00   3.5e-04  1.1e-02  1.1e+02  2.3e+03
   278 -2.88549e+01  7.006e+00  7.006e+00   3.4e-04  4.7e-03  1.1e+02  2.3e+03
   279 -2.88672e+01  6.976e+00  6.976e+00   3.4e-04  4.7e-03  1.1e+02  2.3e+03
   280 -2.88997e+01  6.896e+00  6.896e+00   3.4e-04  8.0e-03  1.1e+02  2.3e+03
   281 -2.89652e+01  6.733e+00  6.733e+00   3.3e-04  7.0e-03  1.1e+02  2.3e+03
   282 -2.89855e+01  6.683e+00  6.683e+00   3.3e-04  5.2e-03  1.1e+02  2.3e+03
   283 -2.90247e+01  6.589e+00  6.589e+00   3.2e-04  8.8e-03  1.1e+02  2.3e+03
   284 -2.90769e+01  6.464e+00  6.464e+00   3.2e-04  6.1e-03  1.1e+02  2.4e+03
   285 -2.91050e+01  6.397e+00  6.397e+00   3.1e-04  5.5e-03  1.1e+02  2.4e+03
   286 -2.91521e+01  6.281e+00  6.281e+00   3.1e-04  6.5e-03  1.1e+02  2.4e+03
   287 -2.91802e+01  6.211e+00  6.211e+00   3.0e-04  3.7e-03  1.1e+02  2.4e+03
   288 -2.92254e+01  6.098e+00  6.098e+00   3.0e-04  9.8e-03  1.1e+02  2.4e+03
   289 -2.92915e+01  5.929e+00  5.929e+00   2.9e-04  6.7e-03  1.1e+02  2.4e+03
   290 -2.93072e+01  5.889e+00  5.889e+00   2.9e-04  3.7e-03  1.1e+02  2.4e+03
   291 -2.93189e+01  5.859e+00  5.859e+00   2.9e-04  4.7e-03  1.1e+02  2.4e+03
   292 -2.93917e+01  5.677e+00  5.677e+00   2.8e-04  7.2e-03  1.1e+02  2.5e+03
   293 -2.94141e+01  5.620e+00  5.620e+00   2.7e-04  6.0e-03  1.1e+02  2.5e+03
   294 -2.94261e+01  5.590e+00  5.590e+00   2.7e-04  3.9e-03  1.1e+02  2.5e+03
   295 -2.94637e+01  5.497e+00  5.497e+00   2.7e-04  8.0e-03  1.1e+02  2.5e+03
   296 -2.95208e+01  5.352e+00  5.352e+00   2.6e-04  6.0e-03  1.1e+02  2.5e+03
   297 -2.95368e+01  5.312e+00  5.312e+00   2.6e-04  4.0e-03  1.1e+02  2.5e+03
   298 -2.95494e+01  5.280e+00  5.280e+00   2.6e-04  5.2e-03  1.1e+02  2.5e+03
   299 -2.96062e+01  5.137e+00  5.137e+00   2.5e-04  4.5e-03  1.1e+02  2.5e+03
   300 -2.96282e+01  5.082e+00  5.082e+00   2.5e-04  6.3e-03  1.1e+02  2.5e+03
   301 -2.96450e+01  5.040e+00  5.040e+00   2.5e-04  6.3e-03  1.1e+02  2.5e+03
   302 -2.96676e+01  4.986e+00  4.986e+00   2.4e-04  4.4e-03  1.1e+02  2.6e+03
   303 -2.96854e+01  4.943e+00  4.943e+00   2.4e-04  4.9e-03  1.1e+02  2.6e+03
   304 -2.97092e+01  4.886e+00  4.886e+00   2.4e-04  9.4e-03  1.1e+02  2.6e+03
   305 -2.97567e+01  4.769e+00  4.769e+00   2.3e-04  3.2e-03  1.1e+02  2.6e+03
   306 -2.97696e+01  4.738e+00  4.738e+00   2.3e-04  6.1e-03  1.1e+02  2.6e+03
   307 -2.97865e+01  4.698e+00  4.698e+00   2.3e-04  6.2e-03  1.1e+02  2.6e+03
   308 -2.98433e+01  4.563e+00  4.563e+00   2.2e-04  5.2e-03  1.1e+02  2.6e+03
   309 -2.98542e+01  4.536e+00  4.536e+00   2.2e-04  4.4e-03  1.1e+02  2.6e+03
   310 -2.98608e+01  4.521e+00  4.521e+00   2.2e-04  3.9e-03  1.1e+02  2.6e+03
   311 -2.99263e+01  4.368e+00  4.368e+00   2.1e-04  3.9e-03  1.1e+02  2.7e+03
   312 -2.99381e+01  4.340e+00  4.340e+00   2.1e-04  5.2e-03  1.1e+02  2.7e+03
   313 -2.99494e+01  4.314e+00  4.314e+00   2.1e-04  5.5e-03  1.1e+02  2.7e+03
   314 -2.99815e+01  4.240e+00  4.240e+00   2.1e-04  3.6e-03  1.1e+02  2.7e+03
   315 -3.00070e+01  4.183e+00  4.183e+00   2.0e-04  8.7e-03  1.1e+02  2.7e+03
   316 -3.00356e+01  4.120e+00  4.120e+00   2.0e-04  3.9e-03  1.1e+02  2.7e+03
   317 -3.00457e+01  4.098e+00  4.098e+00   2.0e-04  4.8e-03  1.1e+02  2.7e+03
   318 -3.00575e+01  4.072e+00  4.072e+00   2.0e-04  4.5e-03  1.1e+02  2.7e+03
   319 -3.00852e+01  4.012e+00  4.012e+00   2.0e-04  9.0e-03  1.1e+02  2.7e+03
   320 -3.01134e+01  3.950e+00  3.950e+00   1.9e-04  3.7e-03  1.1e+02  2.8e+03
   321 -3.01283e+01  3.917e+00  3.917e+00   1.9e-04  4.8e-03  1.1e+02  2.8e+03
   322 -3.01363e+01  3.900e+00  3.900e+00   1.9e-04  5.0e-03  1.1e+02  2.8e+03
   323 -3.01916e+01  3.781e+00  3.781e+00   1.8e-04  5.0e-03  1.1e+02  2.8e+03
   324 -3.02007e+01  3.761e+00  3.761e+00   1.8e-04  4.0e-03  1.1e+02  2.8e+03
   325 -3.02095e+01  3.742e+00  3.742e+00   1.8e-04  4.0e-03  1.1e+02  2.8e+03
   326 -3.02193e+01  3.722e+00  3.722e+00   1.8e-04  5.5e-03  1.1e+02  2.8e+03
   327 -3.02531e+01  3.651e+00  3.651e+00   1.8e-04  7.4e-03  1.1e+02  2.8e+03
   328 -3.02768e+01  3.601e+00  3.601e+00   1.8e-04  7.4e-03  1.1e+02  2.8e+03
   329 -3.03006e+01  3.552e+00  3.552e+00   1.7e-04  3.7e-03  1.1e+02  2.9e+03
   330 -3.03059e+01  3.541e+00  3.541e+00   1.7e-04  4.2e-03  1.2e+02  2.9e+03
   331 -3.03545e+01  3.443e+00  3.443e+00   1.7e-04  6.8e-03  1.2e+02  2.9e+03
   332 -3.03647e+01  3.422e+00  3.422e+00   1.7e-04  3.0e-03  1.2e+02  2.9e+03
   333 -3.03794e+01  3.393e+00  3.393e+00   1.7e-04  7.3e-03  1.2e+02  2.9e+03
   334 -3.04140e+01  3.325e+00  3.325e+00   1.6e-04  6.4e-03  1.2e+02  2.9e+03
   335 -3.04239e+01  3.306e+00  3.306e+00   1.6e-04  3.7e-03  1.2e+02  2.9e+03
   336 -3.04448e+01  3.266e+00  3.266e+00   1.6e-04  6.2e-03  1.2e+02  2.9e+03
   337 -3.04580e+01  3.241e+00  3.241e+00   1.6e-04  4.2e-03  1.2e+02  2.9e+03
   338 -3.04682e+01  3.221e+00  3.221e+00   1.6e-04  4.5e-03  1.2e+02  3.0e+03
   339 -3.04805e+01  3.199e+00  3.199e+00   1.6e-04  4.2e-03  1.2e+02  3.0e+03
   340 -3.04941e+01  3.173e+00  3.173e+00   1.6e-04  7.0e-03  1.2e+02  3.0e+03
   341 -3.05342e+01  3.096e+00  3.096e+00   1.5e-04  5.3e-03  1.2e+02  3.0e+03
   342 -3.05416e+01  3.082e+00  3.082e+00   1.5e-04  4.0e-03  1.2e+02  3.0e+03
   343 -3.05574e+01  3.053e+00  3.053e+00   1.5e-04  3.9e-03  1.2e+02  3.0e+03
   344 -3.05666e+01  3.035e+00  3.035e+00   1.5e-04  6.0e-03  1.2e+02  3.0e+03
   345 -3.06082e+01  2.957e+00  2.957e+00   1.4e-04  4.4e-03  1.2e+02  3.0e+03
   346 -3.06167e+01  2.941e+00  2.941e+00   1.4e-04  3.9e-03  1.2e+02  3.0e+03
   347 -3.06323e+01  2.912e+00  2.912e+00   1.4e-04  5.5e-03  1.2e+02  3.1e+03
   348 -3.06526e+01  2.875e+00  2.875e+00   1.4e-04  5.5e-03  1.2e+02  3.1e+03

lsqrSOL finished
Ax - b is small enough, given atol, btol                  
 
istop =       1   r1norm = 2.9e+00   Anorm = 1.2e+02   Arnorm = 1.9e+00
itn   =     348   r2norm = 2.9e+00   Acond = 3.1e+03   xnorm  = 2.4e+04
 
Elapsed time is 1081.267038 seconds.

res =

    2.4086



 
CRAIG          minimum-length solution of  Ax = b
The matrix A has    79200 rows  and 2.4576e+06 cols
atol = 1.00e-06                 conlim = 1.00e+300
btol = 1.00e-06                 itnlim =     1000
 
   Itn      x(1)       rnorm      xnorm     Norm A   Cond A   alpha    beta
     0  0.00000e+00  2.045e+04
     1  1.67931e-01  8.067e+03  2.403e+03  8.5e+00  1.0e+00  8.5e+00  3.4e+00
     2  2.31043e+00  3.501e+04  5.770e+03  8.6e+00  2.0e+01  1.5e+00  6.7e+00
     3  6.34842e+00  3.936e+04  1.084e+04  9.5e+00  6.2e+01  3.8e+00  4.3e+00
     4  8.17263e+00  2.622e+04  1.279e+04  1.1e+01  2.1e+02  5.8e+00  3.9e+00
     5  8.65095e+00  1.966e+04  1.386e+04  1.2e+01  9.8e+02  4.9e+00  3.7e+00
     6  1.03503e+01  1.546e+04  1.433e+04  1.3e+01  3.7e+03  5.4e+00  4.3e+00
     7  9.67534e+00  2.111e+04  1.479e+04  1.4e+01  2.0e+04  4.2e+00  5.8e+00
     8  1.82936e+01  2.693e+04  1.583e+04  1.4e+01  1.4e+05  3.7e+00  4.8e+00
     9  2.14343e+01  2.836e+04  1.689e+04  1.5e+01  5.7e+05  4.6e+00  4.8e+00
    10  6.31808e-01  2.396e+04  1.794e+04  1.6e+01  2.8e+06  4.7e+00  4.0e+00
    20 -9.33844e+00  1.518e+04  2.176e+04  2.2e+01  1.0e+13  5.3e+00  4.3e+00
    30 -1.26512e+00  8.118e+03  2.299e+04  2.7e+01  4.3e+19  4.4e+00  5.0e+00
    40 -6.03945e+00  6.462e+03  2.374e+04  3.0e+01  1.6e+26  4.9e+00  5.0e+00
    50 -3.56493e+00  5.248e+03  2.403e+04  3.4e+01  7.8e+32  5.0e+00  4.3e+00
    60 -1.07312e+01  3.950e+03  2.421e+04  3.7e+01  2.8e+39  4.5e+00  4.9e+00
    70 -1.18761e+01  1.703e+03  2.431e+04  3.9e+01  5.5e+45  4.5e+00  3.2e+00
    80 -1.64472e+01  2.402e+03  2.440e+04  4.1e+01  1.2e+50  1.6e+00  5.5e+00
    90 -1.72898e+01  1.318e+03  2.442e+04  4.4e+01  2.1e+55  3.1e+00  3.7e+00
   100 -2.00597e+01  9.117e+02  2.443e+04  4.6e+01  2.5e+61  4.4e+00  3.3e+00
   110 -2.01015e+01  4.502e+02  2.444e+04  4.9e+01  3.8e+67  4.8e+00  5.1e+00
   120 -2.03410e+01  5.289e+02  2.444e+04  5.1e+01  1.7e+74  4.0e+00  5.3e+00
   130 -2.15542e+01  5.851e+02  2.444e+04  5.3e+01  6.7e+80  4.2e+00  5.0e+00
   140 -2.20888e+01  4.273e+02  2.444e+04  5.5e+01  1.7e+87  3.2e+00  5.0e+00
   150 -2.25253e+01  1.699e+02  2.445e+04  5.6e+01  7.6e+92  3.2e+00  2.5e+00
   160 -2.33520e+01  1.663e+02  2.445e+04  5.8e+01  1.8e+98  1.9e+00  2.1e+00
   170 -2.43935e+01  1.301e+02  2.445e+04  6.0e+01 3.6e+103  5.7e+00  2.5e+00
   180 -2.50180e+01  2.426e+02  2.445e+04  6.2e+01 8.1e+109  3.1e+00  6.9e+00
   190 -2.60502e+01  1.251e+02  2.445e+04  6.4e+01 1.5e+116  6.1e+00  2.7e+00
   200 -2.65764e+01  1.149e+02  2.445e+04  6.5e+01 3.8e+122  5.6e+00  2.8e+00
   210 -2.73357e+01  1.560e+02  2.445e+04  6.7e+01 1.3e+129  2.5e+00  4.2e+00
   220 -2.78584e+01  1.413e+02  2.445e+04  6.8e+01 1.4e+135  3.1e+00  4.9e+00
   230 -2.84474e+01  1.140e+02  2.445e+04  6.9e+01 2.1e+140  5.7e+00  4.5e+00
   240 -2.91879e+01  9.942e+01  2.445e+04  7.1e+01 2.1e+146  2.4e+00  3.0e+00
   250 -2.94104e+01  8.549e+01  2.445e+04  7.2e+01 1.3e+152  3.3e+00  6.6e+00
   260 -2.98294e+01  1.065e+02  2.445e+04  7.4e+01      Inf  2.4e+00  4.5e+00
   270 -3.01168e+01  3.845e+01  2.445e+04  7.5e+01      Inf  5.1e+00  3.7e+00
   280 -3.03135e+01  7.057e+01  2.445e+04  7.7e+01      Inf  3.2e+00  4.0e+00
   290 -3.04661e+01  4.548e+01  2.445e+04  7.8e+01      Inf  3.6e+00  5.1e+00
   300 -3.06432e+01  3.894e+01  2.445e+04  7.9e+01      Inf  2.9e+00  4.0e+00
   310 -3.08184e+01  2.343e+01  2.445e+04  8.0e+01      Inf  5.0e+00  3.0e+00
   313 -3.08593e+01  1.694e+01  2.445e+04  8.1e+01      Inf  5.1e+00  1.9e+00
   316 -3.09465e+01  1.714e+01  2.445e+04  8.1e+01      Inf  4.4e+00  1.9e+00
   320 -3.10057e+01  3.089e+01  2.445e+04  8.1e+01      Inf  2.8e+00  3.7e+00
   322 -3.10515e+01  1.789e+01  2.445e+04  8.2e+01      Inf  5.1e+00  2.2e+00
   326 -3.11197e+01  1.978e+01  2.445e+04  8.2e+01      Inf  4.2e+00  1.9e+00
   327 -3.11252e+01  1.592e+01  2.445e+04  8.2e+01      Inf  6.4e+00  5.2e+00
   330 -3.11899e+01  1.978e+01  2.445e+04  8.3e+01      Inf  3.6e+00  2.9e+00
   331 -3.11930e+01  2.002e+01  2.445e+04  8.3e+01      Inf  5.6e+00  5.7e+00
   333 -3.12483e+01  1.912e+01  2.445e+04  8.3e+01      Inf  7.0e+00  3.5e+00
   335 -3.12746e+01  1.994e+01  2.445e+04  8.3e+01      Inf  4.7e+00  4.2e+00
   338 -3.13292e+01  1.683e+01  2.445e+04  8.4e+01      Inf  6.4e+00  4.2e+00
   340 -3.13257e+01  2.249e+01  2.445e+04  8.4e+01      Inf  4.7e+00  4.0e+00
   342 -3.13591e+01  1.860e+01  2.445e+04  8.4e+01      Inf  4.7e+00  3.2e+00
   345 -3.13869e+01  1.811e+01  2.445e+04  8.5e+01      Inf  6.2e+00  4.7e+00
   346 -3.13995e+01  2.060e+01  2.445e+04  8.5e+01      Inf  3.0e+00  3.4e+00
   347 -3.14066e+01  1.944e+01  2.445e+04  8.5e+01      Inf  5.1e+00  4.9e+00
   349 -3.14314e+01  1.677e+01  2.445e+04  8.5e+01      Inf  4.7e+00  2.8e+00
   350 -3.14357e+01  1.351e+01  2.445e+04  8.5e+01      Inf  6.0e+00  4.8e+00
   354 -3.14551e+01  1.397e+01  2.445e+04  8.6e+01      Inf  4.4e+00  2.6e+00
   355 -3.14707e+01  1.836e+01  2.445e+04  8.6e+01      Inf  4.0e+00  5.3e+00
   356 -3.14947e+01  1.959e+01  2.445e+04  8.6e+01      Inf  2.9e+00  3.1e+00
   357 -3.14997e+01  1.378e+01  2.445e+04  8.6e+01      Inf  5.9e+00  4.2e+00
   359 -3.15075e+01  1.203e+01  2.445e+04  8.6e+01      Inf  6.8e+00  2.8e+00
   360 -3.15111e+01  1.975e+01  2.445e+04  8.6e+01      Inf  3.2e+00  5.3e+00
   361 -3.15245e+01  2.078e+01  2.445e+04  8.6e+01      Inf  2.9e+00  3.0e+00
   362 -3.15257e+01  9.647e+00  2.445e+04  8.7e+01      Inf  7.2e+00  3.3e+00
   363 -3.15260e+01  1.377e+01  2.445e+04  8.7e+01      Inf  4.7e+00  6.7e+00
   365 -3.15472e+01  9.246e+00  2.445e+04  8.7e+01      Inf  5.4e+00  2.0e+00
   366 -3.15559e+01  1.972e+01  2.445e+04  8.7e+01      Inf  2.8e+00  6.0e+00
   367 -3.15586e+01  1.481e+01  2.445e+04  8.7e+01      Inf  4.1e+00  3.1e+00
   368 -3.15604e+01  1.833e+01  2.445e+04  8.7e+01      Inf  4.2e+00  5.2e+00
   369 -3.15716e+01  1.143e+01  2.445e+04  8.7e+01      Inf  4.1e+00  2.5e+00
   370 -3.15750e+01  1.324e+01  2.445e+04  8.7e+01      Inf  4.5e+00  5.2e+00
   372 -3.15840e+01  1.580e+01  2.445e+04  8.8e+01      Inf  5.9e+00  3.9e+00
   373 -3.15856e+01  1.001e+01  2.445e+04  8.8e+01      Inf  5.0e+00  3.2e+00
   374 -3.15791e+01  1.102e+01  2.445e+04  8.8e+01      Inf  3.0e+00  3.3e+00
   375 -3.15767e+01  1.375e+01  2.445e+04  8.8e+01      Inf  4.0e+00  5.0e+00
   377 -3.15973e+01  8.178e+00  2.445e+04  8.8e+01      Inf  6.6e+00  2.0e+00
   378 -3.15954e+01  1.023e+01  2.445e+04  8.8e+01      Inf  3.5e+00  4.3e+00
   380 -3.15993e+01  1.254e+01  2.445e+04  8.9e+01      Inf  7.0e+00  3.9e+00
   381 -3.15962e+01  9.132e+00  2.445e+04  8.9e+01      Inf  4.3e+00  3.2e+00
   382 -3.15852e+01  1.234e+01  2.445e+04  8.9e+01      Inf  2.5e+00  3.4e+00
   383 -3.15847e+01  1.210e+01  2.445e+04  8.9e+01      Inf  3.7e+00  3.6e+00
   384 -3.15822e+01  1.929e+01  2.445e+04  8.9e+01      Inf  3.9e+00  6.2e+00
   385 -3.15800e+01  8.277e+00  2.445e+04  8.9e+01      Inf  5.5e+00  2.4e+00
   386 -3.15783e+01  9.650e+00  2.445e+04  8.9e+01      Inf  3.3e+00  3.9e+00
   388 -3.15599e+01  9.147e+00  2.445e+04  8.9e+01      Inf  6.4e+00  2.5e+00
   389 -3.15650e+01  8.327e+00  2.445e+04  9.0e+01      Inf  4.8e+00  4.3e+00
   390 -3.15678e+01  1.212e+01  2.445e+04  9.0e+01      Inf  4.5e+00  6.5e+00
   391 -3.15748e+01  1.460e+01  2.445e+04  9.0e+01      Inf  2.6e+00  3.1e+00
   392 -3.15737e+01  1.159e+01  2.445e+04  9.0e+01      Inf  5.2e+00  4.1e+00
   393 -3.15727e+01  6.661e+00  2.445e+04  9.0e+01      Inf  6.8e+00  3.9e+00
   394 -3.15769e+01  1.652e+01  2.445e+04  9.0e+01      Inf  1.5e+00  3.8e+00
   395 -3.15772e+01  1.248e+01  2.445e+04  9.0e+01      Inf  5.8e+00  4.4e+00
   396 -3.15745e+01  7.011e+00  2.445e+04  9.0e+01      Inf  5.5e+00  3.1e+00
   397 -3.15696e+01  1.475e+01  2.445e+04  9.1e+01      Inf  3.5e+00  7.3e+00
   398 -3.15534e+01  9.335e+00  2.445e+04  9.1e+01      Inf  3.4e+00  2.2e+00
   399 -3.15498e+01  8.821e+00  2.445e+04  9.1e+01      Inf  4.0e+00  3.8e+00
   400 -3.15467e+01  1.410e+01  2.445e+04  9.1e+01      Inf  4.2e+00  6.7e+00
   401 -3.15429e+01  9.669e+00  2.445e+04  9.1e+01      Inf  4.1e+00  2.8e+00
   402 -3.15430e+01  6.170e+00  2.445e+04  9.1e+01      Inf  6.3e+00  4.0e+00
   403 -3.15399e+01  1.302e+01  2.445e+04  9.1e+01      Inf  2.9e+00  6.2e+00
   404 -3.15305e+01  1.169e+01  2.445e+04  9.1e+01      Inf  4.7e+00  4.2e+00
   405 -3.15157e+01  1.279e+01  2.445e+04  9.1e+01      Inf  3.7e+00  4.0e+00
   406 -3.15108e+01  6.561e+00  2.445e+04  9.2e+01      Inf  6.7e+00  3.4e+00
   407 -3.15079e+01  9.926e+00  2.445e+04  9.2e+01      Inf  2.2e+00  3.3e+00
   408 -3.15067e+01  7.837e+00  2.445e+04  9.2e+01      Inf  6.5e+00  5.1e+00
   409 -3.14945e+01  1.238e+01  2.445e+04  9.2e+01      Inf  2.3e+00  3.7e+00
   410 -3.14934e+01  6.233e+00  2.445e+04  9.2e+01      Inf  6.6e+00  3.3e+00
   411 -3.14872e+01  1.218e+01  2.445e+04  9.2e+01      Inf  2.9e+00  5.7e+00
   412 -3.14809e+01  1.232e+01  2.445e+04  9.2e+01      Inf  5.1e+00  5.1e+00
   413 -3.14790e+01  1.122e+01  2.445e+04  9.2e+01      Inf  3.6e+00  3.2e+00
   414 -3.14785e+01  5.020e+00  2.445e+04  9.3e+01      Inf  6.8e+00  3.1e+00
   415 -3.14760e+01  1.307e+01  2.445e+04  9.3e+01      Inf  2.6e+00  6.7e+00
   416 -3.14670e+01  1.170e+01  2.445e+04  9.3e+01      Inf  3.6e+00  3.2e+00
   417 -3.14645e+01  5.534e+00  2.445e+04  9.3e+01      Inf  6.8e+00  3.2e+00
   418 -3.14616e+01  1.049e+01  2.445e+04  9.3e+01      Inf  3.4e+00  6.4e+00
   419 -3.14462e+01  9.201e+00  2.445e+04  9.3e+01      Inf  3.7e+00  3.3e+00
   420 -3.14418e+01  9.435e+00  2.445e+04  9.3e+01      Inf  5.1e+00  5.2e+00
   421 -3.14393e+01  7.763e+00  2.445e+04  9.3e+01      Inf  4.6e+00  3.8e+00
   422 -3.14383e+01  7.714e+00  2.445e+04  9.3e+01      Inf  4.9e+00  4.9e+00
   423 -3.14273e+01  7.119e+00  2.445e+04  9.4e+01      Inf  2.9e+00  2.7e+00
   424 -3.14226e+01  1.022e+01  2.445e+04  9.4e+01      Inf  4.5e+00  6.4e+00
   425 -3.14073e+01  8.601e+00  2.445e+04  9.4e+01      Inf  3.4e+00  2.9e+00
   426 -3.14022e+01  7.731e+00  2.445e+04  9.4e+01      Inf  5.5e+00  5.0e+00
   427 -3.13982e+01  5.158e+00  2.445e+04  9.4e+01      Inf  4.3e+00  2.9e+00
   428 -3.13971e+01  1.088e+01  2.445e+04  9.4e+01      Inf  2.8e+00  6.0e+00
   429 -3.13898e+01  1.241e+01  2.445e+04  9.4e+01      Inf  3.7e+00  4.3e+00
   430 -3.13857e+01  4.683e+00  2.445e+04  9.4e+01      Inf  7.2e+00  2.7e+00
   431 -3.13814e+01  7.089e+00  2.445e+04  9.4e+01      Inf  3.7e+00  5.5e+00
   432 -3.13722e+01  8.528e+00  2.445e+04  9.4e+01      Inf  3.3e+00  4.0e+00
   433 -3.13671e+01  8.170e+00  2.445e+04  9.5e+01      Inf  5.2e+00  5.0e+00
   434 -3.13651e+01  5.992e+00  2.445e+04  9.5e+01      Inf  4.0e+00  2.9e+00
   435 -3.13658e+01  6.207e+00  2.445e+04  9.5e+01      Inf  4.8e+00  5.0e+00
   436 -3.13615e+01  6.429e+00  2.445e+04  9.5e+01      Inf  3.0e+00  3.2e+00
   437 -3.13581e+01  5.705e+00  2.445e+04  9.5e+01      Inf  4.4e+00  3.9e+00
   438 -3.13517e+01  7.968e+00  2.445e+04  9.5e+01      Inf  2.5e+00  3.4e+00
   439 -3.13465e+01  6.810e+00  2.445e+04  9.5e+01      Inf  5.3e+00  4.6e+00
   440 -3.13378e+01  4.986e+00  2.445e+04  9.5e+01      Inf  3.9e+00  2.9e+00
   441 -3.13373e+01  6.125e+00  2.445e+04  9.5e+01      Inf  4.8e+00  5.9e+00
   442 -3.13310e+01  1.129e+01  2.445e+04  9.5e+01      Inf  3.2e+00  6.0e+00
   443 -3.13178e+01  7.746e+00  2.445e+04  9.6e+01      Inf  4.9e+00  3.4e+00
   444 -3.13142e+01  3.658e+00  2.445e+04  9.6e+01      Inf  6.3e+00  3.0e+00
   445 -3.13109e+01  8.763e+00  2.445e+04  9.6e+01      Inf  2.5e+00  6.0e+00
   446 -3.13034e+01  6.396e+00  2.445e+04  9.6e+01      Inf  3.9e+00  2.8e+00
   447 -3.12949e+01  7.189e+00  2.445e+04  9.6e+01      Inf  4.0e+00  4.5e+00
   448 -3.12887e+01  5.401e+00  2.445e+04  9.6e+01      Inf  5.0e+00  3.7e+00
   449 -3.12868e+01  4.898e+00  2.445e+04  9.6e+01      Inf  5.9e+00  5.3e+00
   450 -3.12820e+01  8.824e+00  2.445e+04  9.6e+01      Inf  2.5e+00  4.5e+00
   451 -3.12796e+01  5.711e+00  2.445e+04  9.6e+01      Inf  5.7e+00  3.7e+00
   452 -3.12786e+01  4.283e+00  2.445e+04  9.7e+01      Inf  6.3e+00  4.7e+00
   453 -3.12756e+01  4.357e+00  2.445e+04  9.7e+01      Inf  2.7e+00  2.8e+00
   454 -3.12632e+01  1.035e+01  2.445e+04  9.7e+01      Inf  1.8e+00  4.3e+00
   455 -3.12587e+01  4.883e+00  2.445e+04  9.7e+01      Inf  6.9e+00  3.3e+00
   456 -3.12576e+01  3.123e+00  2.445e+04  9.7e+01      Inf  6.1e+00  3.9e+00
   457 -3.12466e+01  8.377e+00  2.445e+04  9.7e+01      Inf  1.7e+00  4.5e+00
   458 -3.12373e+01  3.684e+00  2.445e+04  9.7e+01      Inf  3.8e+00  1.7e+00
   459 -3.12363e+01  6.198e+00  2.445e+04  9.7e+01      Inf  4.5e+00  7.5e+00
   460 -3.12263e+01  3.530e+00  2.445e+04  9.7e+01      Inf  2.6e+00  1.5e+00
   461 -3.12247e+01  4.723e+00  2.445e+04  9.7e+01      Inf  3.9e+00  5.2e+00
   462 -3.12202e+01  8.184e+00  2.445e+04  9.8e+01      Inf  4.0e+00  6.9e+00
   463 -3.12013e+01  5.138e+00  2.445e+04  9.8e+01      Inf  3.4e+00  2.1e+00
   464 -3.11994e+01  3.598e+00  2.445e+04  9.8e+01      Inf  5.2e+00  3.7e+00
   465 -3.11987e+01  3.645e+00  2.445e+04  9.8e+01      Inf  5.5e+00  5.6e+00
   466 -3.11960e+01  7.187e+00  2.445e+04  9.8e+01      Inf  2.1e+00  4.2e+00
   467 -3.11925e+01  8.101e+00  2.445e+04  9.8e+01      Inf  4.6e+00  5.2e+00
   468 -3.11894e+01  3.733e+00  2.445e+04  9.8e+01      Inf  5.9e+00  2.7e+00
   469 -3.11835e+01  5.050e+00  2.445e+04  9.8e+01      Inf  3.1e+00  4.1e+00
   470 -3.11809e+01  5.143e+00  2.445e+04  9.8e+01      Inf  5.3e+00  5.4e+00
   471 -3.11799e+01  5.493e+00  2.445e+04  9.8e+01      Inf  3.6e+00  3.9e+00
   472 -3.11754e+01  6.333e+00  2.445e+04  9.9e+01      Inf  4.4e+00  5.1e+00
   473 -3.11716e+01  2.895e+00  2.445e+04  9.9e+01      Inf  6.4e+00  2.9e+00
   474 -3.11677e+01  5.762e+00  2.445e+04  9.9e+01      Inf  2.4e+00  4.8e+00
   475 -3.11577e+01  8.244e+00  2.445e+04  9.9e+01      Inf  3.3e+00  4.7e+00
   476 -3.11536e+01  3.273e+00  2.445e+04  9.9e+01      Inf  6.8e+00  2.7e+00
   477 -3.11515e+01  4.762e+00  2.445e+04  9.9e+01      Inf  3.4e+00  5.0e+00
   478 -3.11482e+01  5.227e+00  2.445e+04  9.9e+01      Inf  4.6e+00  5.0e+00
   479 -3.11440e+01  4.902e+00  2.445e+04  9.9e+01      Inf  4.0e+00  3.7e+00
   480 -3.11406e+01  5.751e+00  2.445e+04  9.9e+01      Inf  4.4e+00  5.1e+00
   481 -3.11327e+01  5.030e+00  2.445e+04  1.0e+02      Inf  4.2e+00  3.7e+00
   482 -3.11305e+01  3.438e+00  2.445e+04  1.0e+02      Inf  6.6e+00  4.5e+00
   483 -3.11268e+01  4.918e+00  2.445e+04  1.0e+02      Inf  2.9e+00  4.1e+00
   484 -3.11234e+01  6.077e+00  2.445e+04  1.0e+02      Inf  3.7e+00  4.6e+00
   485 -3.11227e+01  2.290e+00  2.445e+04  1.0e+02      Inf  6.8e+00  2.6e+00
 
CRAIG finished
Ax - b is small enough, given atol, btol                  
 
istop =       1    rnorm = 2.3e+00   Anorm = 1.0e+02
itn   =     485    xnorm = 2.4e+04   Acond =     Inf
 
Elapsed time is 1442.794559 seconds.

res =

    1.7544
