1	31	190.67	3	1	1	1	1	3	569.23	3
2	38.333	184.33	3	1	1	1	1	3	705.05	3
3	44	193	2	1	1	1	1	2	696.38	2
4	43.333	196.67	2	1	1	1	1	2	1133	2
5	44.667	201.33	1	1	1	1	1	1	761.19	1
6	44	205	2	1	1	1	1	2	650.68	2
7	44.667	220.33	1	1	1	1	1	1	2169.4	1
8	44.667	215.67	2	1	1	1	1	2	598.26	2
9	53.667	164.67	1	1	1	1	1	1	487.55	1
10	50	193.67	1	1	1	1	1	1	3221.6	1
11	53	194	2	1	1	1	1	2	2743.3	2
12	51.333	191	1	1	1	1	1	1	2330.6	1
13	54.333	191	1	1	1	1	1	1	2307	1
14	48.333	197	2	1	1	1	1	2	4388.5	2
15	46	195	2	1	1	1	1	2	3502.7	2
16	51.667	197	1	1	1	1	1	1	2600.6	1
17	45.333	199	1	1	1	1	1	1	2130.4	1
18	50.333	200.33	2	1	1	1	1	2	412.43	2
19	50.667	213	2	1	1	1	1	2	1791.1	2
20	48.667	210.67	3	1	1	1	1	3	580.36	3
21	47.333	213.67	2	1	1	1	1	2	563.39	2
22	52.333	206	2	1	1	1	1	2	486.66	2
23	49	216	2	1	1	1	1	2	2515.3	2
24	47.667	221.33	1	1	1	1	1	1	2038.9	1
25	53	216.67	1	1	1	1	1	1	2034.3	1
26	51	222.33	1	1	1	1	1	1	1493.8	1
27	47.333	218	1	1	1	1	1	1	920.65	1
28	48.667	225.33	2	1	1	1	1	2	369.69	2
29	63.333	134.33	3	1	1	1	1	3	477.72	3
30	64	142.33	1	1	1	1	1	1	3869.5	1
31	62	137	1	1	1	1	1	1	621.81	1
32	63	154.33	1	1	1	1	1	1	4846	1
33	61	153	2	1	1	1	1	2	1292.8	2
34	61.333	161	1	1	1	1	1	1	7305.5	1
35	56.667	162	2	1	1	1	1	2	7107.1	2
36	64.667	159	1	1	1	1	1	1	4332.2	1
37	59.333	162.33	1	1	1	1	1	1	4279.3	1
38	64	162	1	1	1	1	1	1	3554.9	1
39	57	164.33	2	1	1	1	1	2	2846.6	2
40	61	155.67	1	1	1	1	1	1	517.1	1
41	63	165.33	2	1	1	1	1	2	2164.5	2
42	59.333	167.33	2	1	1	1	1	2	1715.7	2
43	60.333	180.67	2	1	1	1	1	2	894.64	2
44	58.333	178.33	1	1	1	1	1	1	774	1
45	57.667	180.67	2	1	1	1	1	2	600.22	2
46	63.333	192.33	1	1	1	1	1	1	5147.4	1
47	59.333	187	2	1	1	1	1	2	2782.9	2
48	60	191	1	1	1	1	1	1	2286.2	1
49	62	189	2	1	1	1	1	2	2235.3	2
50	62	186	1	1	1	1	1	1	1792.8	1
51	64.333	185	1	1	1	1	1	1	1099.7	1
52	56.333	187.67	1	1	1	1	1	1	456.2	1
53	64.667	202.33	2	1	1	1	1	2	11153	2
54	64	199	2	1	1	1	1	2	4879.8	2
55	62.333	201	2	1	1	1	1	2	2672.3	2
56	56	195	1	1	1	1	1	1	2022.1	1
57	59.667	200	2	1	1	1	1	2	1118.4	2
58	59	203	2	1	1	1	1	2	959.77	2
59	55.333	201.67	2	1	1	1	1	2	909.62	2
60	55	197.67	2	1	1	1	1	2	843.59	2
61	57	199	2	1	1	1	1	2	451.68	2
62	62.333	212	2	1	1	1	1	2	6834	2
63	63.667	205	1	1	1	1	1	1	3965.1	1
64	60.333	214.33	2	1	1	1	1	2	3109.4	2
65	60.667	205.33	1	1	1	1	1	1	731.31	1
66	55	206	1	1	1	1	1	1	657.82	1
67	55	209	2	1	1	1	1	2	585.97	2
68	64.333	215.67	1	1	1	1	1	1	2089.1	1
69	59.667	223.67	1	1	1	1	1	1	1585.3	1
70	62	217.67	1	1	1	1	1	1	1482.2	1
71	63.333	220	2	1	1	1	1	2	929.19	2
72	59.333	219.67	1	1	1	1	1	1	840.57	1
73	57	223	2	1	1	1	1	2	645.28	2
74	56.333	215.67	1	1	1	1	1	1	410.35	1
75	67	114	3	1	1	1	1	3	1093.9	3
76	73.667	106	1	1	1	1	1	1	1087.4	1
77	71.667	108.67	2	1	1	1	1	2	476.87	2
78	74.667	124.33	1	1	1	1	1	1	6593.8	1
79	72.333	123.67	2	1	1	1	1	2	1411.4	2
80	70.333	118.67	1	1	1	1	1	1	1101.8	1
81	67.667	118	1	1	1	1	1	1	1073.8	1
82	69.667	122.33	1	1	1	1	1	1	936.37	1
83	73.333	117.67	1	1	1	1	1	1	832.48	1
84	74.333	122	2	1	1	1	1	2	688.71	2
85	68.333	115.67	1	1	1	1	1	1	418.81	1
86	74.667	129.33	2	1	1	1	1	2	9001	2
87	73	131	1	1	1	1	1	1	7232.2	1
88	70.667	130.33	1	1	1	1	1	1	5522.7	1
89	72.667	128	1	1	1	1	1	1	3017	1
90	68.667	133.33	1	1	1	1	1	1	2843.9	1
91	71	133.67	2	1	1	1	1	2	2513.1	2
92	66.333	134	1	1	1	1	1	1	1922.6	1
93	69	128	2	1	1	1	1	2	1199.1	2
94	68.333	131	1	1	1	1	1	1	982.01	1
95	71.667	144	2	1	1	1	1	2	12414	2
96	67.333	141.67	1	1	1	1	1	1	2006.6	1
97	66.667	138	1	1	1	1	1	1	1775.1	1
98	69.667	139	1	1	1	1	1	1	1009.9	1
99	65.667	144.33	1	1	1	1	1	1	1009.8	1
100	74.667	152.67	2	1	1	1	1	2	6368.3	2
101	69.667	145.33	2	1	1	1	1	2	2279.9	2
102	73	150.33	2	1	1	1	1	2	1718	2
103	72.333	153.33	2	1	1	1	1	2	419.77	2
104	73	158	2	1	1	1	1	2	5620.5	2
105	71.667	161	2	1	1	1	1	2	1979.6	2
106	68.333	162.67	1	1	1	1	1	1	1548.1	1
107	73	155.67	2	1	1	1	1	2	1270.9	2
108	70.667	158.67	2	1	1	1	1	2	1099.9	2
109	66.333	164	1	1	1	1	1	1	427.46	1
110	68.333	165.67	1	1	1	1	1	1	3323.9	1
111	72.667	167	1	1	1	1	1	1	2039	1
112	68	173.33	2	1	1	1	1	2	1510.1	2
113	73.667	173.67	2	1	1	1	1	2	566.61	2
114	70	182.67	2	1	1	1	1	2	20055	2
115	68.333	180.33	1	1	1	1	1	1	11852	1
116	73.333	178.67	1	1	1	1	1	1	11504	1
117	74.333	181	2	1	1	1	1	2	11076	2
118	71	180.33	1	1	1	1	1	1	10421	1
119	71	177.67	2	1	1	1	1	2	6789.3	2
120	72	184	1	1	1	1	1	1	5751.9	1
121	67.667	177	1	1	1	1	1	1	2884.2	1
122	66.333	183	1	1	1	1	1	1	1117.3	1
123	69	178.33	3	1	1	1	1	3	604.93	3
124	72	187	1	1	1	1	1	1	30485	1
125	70.667	189.33	2	1	1	1	1	2	6092.1	2
126	68	190.67	2	1	1	1	1	2	4554	2
127	68.667	187.67	2	1	1	1	1	2	3922.5	2
128	74.333	189.33	2	1	1	1	1	2	3501.5	2
129	68	185	1	1	1	1	1	1	3313.8	1
130	69	193.67	2	1	1	1	1	2	2730.7	2
131	71.667	192	2	1	1	1	1	2	2595.1	2
132	65	189	1	1	1	1	1	1	1736.3	1
133	65.667	191.67	1	1	1	1	1	1	1461.7	1
134	69.667	186	3	1	1	1	1	3	786.36	3
135	73	190.67	3	1	1	1	1	3	585.99	3
136	68.333	201	2	1	1	1	1	2	11286	2
137	69.667	199	1	1	1	1	1	1	9760	1
138	73.667	200	2	1	1	1	1	2	9665.7	2
139	71.333	201.33	2	1	1	1	1	2	9285.5	2
140	72	198	2	1	1	1	1	2	8465.8	2
141	70	204	1	1	1	1	1	1	6235.6	1
142	74.667	197	1	1	1	1	1	1	4066.7	1
143	67	198	2	1	1	1	1	2	2950.4	2
144	65	196	1	1	1	1	1	1	2682.8	1
145	70.667	195.33	1	1	1	1	1	1	1540.5	1
146	74.667	202	3	1	1	1	1	3	1511	3
147	66.667	203.67	2	1	1	1	1	2	498	2
148	68.333	214.67	1	1	1	1	1	1	15385	1
149	72	213	2	1	1	1	1	2	12144	2
150	66	213.67	1	1	1	1	1	1	10285	1
151	68	210.33	2	1	1	1	1	2	8343.4	2
152	68.667	207	2	1	1	1	1	2	6221.7	2
153	70.333	211.33	1	1	1	1	1	1	5995.7	1
154	71	207.33	1	1	1	1	1	1	5837.4	1
155	74.667	206.33	1	1	1	1	1	1	3389.4	1
156	65.333	211	2	1	1	1	1	2	3118.6	2
157	73.333	209.67	1	1	1	1	1	1	2565.5	1
158	72	218	2	1	1	1	1	2	8451.7	2
159	66.333	217	1	1	1	1	1	1	7032.9	1
160	69.667	218	2	1	1	1	1	2	6347.7	2
161	71.333	220.67	2	1	1	1	1	2	1889.1	2
162	70.667	215	2	1	1	1	1	2	827.34	2
163	69	223	1	1	1	1	1	1	629.54	1
164	75.333	104.33	1	1	1	1	1	1	3104.7	1
165	84.333	103.33	2	1	1	1	1	2	1707.3	2
166	79.333	104	1	1	1	1	1	1	1699.7	1
167	78.667	101.67	1	1	1	1	1	1	1467.5	1
168	76	101	2	1	1	1	1	2	1233.6	2
169	81.333	105.67	2	1	1	1	1	2	4382.5	2
170	84.333	108.67	2	1	1	1	1	2	3907.1	2
171	79.667	108.67	1	1	1	1	1	1	2262.9	1
172	78.333	112.33	1	1	1	1	1	1	2110.4	1
173	84	111.67	2	1	1	1	1	2	2063.8	2
174	81	110.33	3	1	1	1	1	3	1575.8	3
175	84.333	106.33	1	1	1	1	1	1	1541.9	1
176	77.667	107	2	1	1	1	1	2	1346.1	2
177	81.667	112.67	2	1	1	1	1	2	931.69	2
178	76	111.67	1	1	1	1	1	1	794.63	1
179	77.667	114.67	1	1	1	1	1	1	714.42	1
180	75.667	108.67	1	1	1	1	1	1	497.37	1
181	80	120.67	1	1	1	1	1	1	23165	1
182	83.333	122	1	1	1	1	1	1	20270	1
183	83.333	118.67	2	1	1	1	1	2	12956	2
184	81.667	123.67	2	1	1	1	1	2	9869.7	2
185	76.333	120	1	1	1	1	1	1	9675.6	1
186	78.667	124	1	1	1	1	1	1	8221.9	1
187	84	124.67	1	1	1	1	1	1	5243.3	1
188	82.667	115	1	1	1	1	1	1	1570	1
189	79.667	117.33	2	1	1	1	1	2	1410.8	2
190	75.667	117.33	1	1	1	1	1	1	524.7	1
191	80.333	133.33	1	1	1	1	1	1	10109	1
192	77.667	134.67	2	1	1	1	1	2	7777.8	2
193	82.667	127.67	2	1	1	1	1	2	4285.7	2
194	76.333	132.67	1	1	1	1	1	1	2931.3	1
195	76.667	126.67	1	1	1	1	1	1	2422	1
196	82.667	133	1	1	1	1	1	1	829.43	1
197	77	137.67	2	1	1	1	1	2	3179.9	2
198	80.333	139.33	1	1	1	1	1	1	2699.9	1
199	75	139	1	1	1	1	1	1	2509.8	1
200	75	136.33	3	1	1	1	1	3	1091.3	3
201	83.333	144.67	2	1	1	1	1	2	740.41	2
202	81.667	143	2	1	1	1	1	2	667.35	2
203	75	149	2	1	1	1	1	2	20027	2
204	78	146.67	1	1	1	1	1	1	12756	1
205	79.333	154.67	1	1	1	1	1	1	12752	1
206	82	151	1	1	1	1	1	1	4396.8	1
207	80	145.33	1	1	1	1	1	1	3449.3	1
208	83.333	147.33	1	1	1	1	1	1	2935.4	1
209	79.667	151.67	1	1	1	1	1	1	1227.6	1
210	77.333	150.33	2	1	1	1	1	2	998.75	2
211	81	148	1	1	1	1	1	1	833.73	1
212	84.333	151.33	1	1	1	1	1	1	598.71	1
213	84	153.33	3	1	1	1	1	3	388.04	3
214	75.333	155	2	1	1	1	1	2	24965	2
215	75.667	159	1	1	1	1	1	1	6108.5	1
216	77.667	156.33	2	1	1	1	1	2	4972.9	2
217	77.667	162	3	1	1	1	1	3	573.29	3
218	77.667	170	1	1	1	1	1	1	59411	1
219	76	173	1	1	1	1	1	1	25190	1
220	78.333	172.33	2	1	1	1	1	2	435.11	2
221	77.667	175	2	1	1	1	1	2	31206	2
222	83.667	182	2	1	1	1	1	2	12131	2
223	75.333	184	2	1	1	1	1	2	4564	2
224	83.667	178.33	1	1	1	1	1	1	4410.7	1
225	76.333	178	2	1	1	1	1	2	3742.3	2
226	78	181.33	2	1	1	1	1	2	2612.1	2
227	78.667	178.67	1	1	1	1	1	1	1048	1
228	81	180.33	2	1	1	1	1	2	1032.1	2
229	84.667	187.67	2	1	1	1	1	2	24617	2
230	77	194.67	1	1	1	1	1	1	13669	1
231	75.333	192.33	1	1	1	1	1	1	9813.9	1
232	84.333	194.67	1	1	1	1	1	1	7131.8	1
233	80	193.67	1	1	1	1	1	1	6669.3	1
234	83.667	185	2	1	1	1	1	2	6434.5	2
235	77	187.67	1	1	1	1	1	1	6041.6	1
236	84.667	191.33	2	1	1	1	1	2	4907.1	2
237	82.667	193	2	1	1	1	1	2	4728.4	2
238	82	187	2	1	1	1	1	2	4448.5	2
239	77.667	185.33	1	1	1	1	1	1	4038.4	1
240	78	191.67	1	1	1	1	1	1	3807.2	1
241	79.333	188.33	1	1	1	1	1	1	1867.3	1
242	81	185.33	3	1	1	1	1	3	450.17	3
243	80	196.33	2	1	1	1	1	2	9785.8	2
244	84.333	200.33	1	1	1	1	1	1	8006.9	1
245	81.667	204.67	1	1	1	1	1	1	7699.3	1
246	78.667	202.33	1	1	1	1	1	1	5751.8	1
247	77.667	197.67	2	1	1	1	1	2	5560.4	2
248	77	204	1	1	1	1	1	1	4321	1
249	84	203.67	1	1	1	1	1	1	3894	1
250	82.333	198	1	1	1	1	1	1	3630.7	1
251	81.667	202.33	1	1	1	1	1	1	3347.1	1
252	79.333	199.67	1	1	1	1	1	1	3113.1	1
253	76.333	200.67	1	1	1	1	1	1	3007.8	1
254	82.333	196	3	1	1	1	1	3	1069.5	3
255	76	209	2	1	1	1	1	2	22719	2
256	78	207.67	1	1	1	1	1	1	13278	1
257	83.667	207	1	1	1	1	1	1	9953.8	1
258	82.333	210.67	2	1	1	1	1	2	7742.9	2
259	84.333	214.33	1	1	1	1	1	1	7689.2	1
260	80.667	213.67	2	1	1	1	1	2	3709.8	2
261	81.333	207.33	2	1	1	1	1	2	3244.3	2
262	84.667	211.67	2	1	1	1	1	2	1291.9	2
263	76	211	3	1	1	1	1	3	685.43	3
264	79.333	205.33	1	1	1	1	1	1	411.93	1
265	81	216	2	1	1	1	1	2	9277	2
266	75.667	215.67	1	1	1	1	1	1	9096.4	1
267	78.333	219.67	1	1	1	1	1	1	6759.9	1
268	78.333	217	1	1	1	1	1	1	5618.9	1
269	83.333	218	1	1	1	1	1	1	2807	1
270	81.333	223.33	2	1	1	1	1	2	1421.8	2
271	82.667	226	2	1	1	1	1	2	18599	2
272	84	228.33	2	1	1	1	1	2	507.75	2
273	77.667	253	2	1	1	1	1	2	376.41	2
274	93.333	103.33	2	1	1	1	1	2	5354.6	2
275	91	102.67	1	1	1	1	1	1	2887.1	1
276	93.333	101	2	1	1	1	1	2	2164.1	2
277	87.667	101.67	1	1	1	1	1	1	1583.6	1
278	88.333	99	1	1	1	1	1	1	1435.2	1
279	85	100.67	1	1	1	1	1	1	664.17	1
280	93.333	96.667	2	1	1	1	1	2	364.4	2
281	87.667	107.67	1	1	1	1	1	1	6518.6	1
282	91.333	108.33	1	1	1	1	1	1	5749.3	1
283	90.333	105	1	1	1	1	1	1	5366.8	1
284	88.667	112.33	1	1	1	1	1	1	3879.7	1
285	94.333	107.33	2	1	1	1	1	2	2805.9	2
286	86.333	110.67	2	1	1	1	1	2	2616.9	2
287	85.333	114.67	2	1	1	1	1	2	2245.9	2
288	87.333	105	1	1	1	1	1	1	2128.8	1
289	88.667	114.67	2	1	1	1	1	2	1849.7	2
290	88.667	110	2	1	1	1	1	2	1747.6	2
291	93	106	3	1	1	1	1	3	1569.8	3
292	91.333	111	1	1	1	1	1	1	1444.4	1
293	88.333	121.33	1	1	1	1	1	1	85951	1
294	90.333	123.67	2	1	1	1	1	2	70749	2
295	88.333	118.67	1	1	1	1	1	1	16704	1
296	91	116.67	1	1	1	1	1	1	9984.4	1
297	92.667	124.33	2	1	1	1	1	2	1423.2	2
298	85.667	121.67	1	1	1	1	1	1	782.17	1
299	87.667	116.67	3	1	1	1	1	3	727.81	3
300	88.667	126.67	1	1	1	1	1	1	24143	1
301	93	134	1	1	1	1	1	1	17210	1
302	85.333	134.33	2	1	1	1	1	2	7960.9	2
303	85.333	131.67	1	1	1	1	1	1	5620	1
304	91.667	128.67	3	1	1	1	1	3	1668.6	3
305	88.333	142	1	1	1	1	1	1	43275	1
306	85.333	141.33	1	1	1	1	1	1	21629	1
307	92.667	139.33	2	1	1	1	1	2	12720	2
308	89.333	139.67	2	1	1	1	1	2	7976.5	2
309	85.667	144.33	1	1	1	1	1	1	6925.6	1
310	87.333	135.67	1	1	1	1	1	1	3775.7	1
311	94.667	141.33	3	1	1	1	1	3	2079.1	3
312	89	144.33	1	1	1	1	1	1	714.7	1
313	88.333	152.33	2	1	1	1	1	2	32657	2
314	92	149.33	2	1	1	1	1	2	26820	2
315	86.333	150	1	1	1	1	1	1	11378	1
316	90.333	147.67	1	1	1	1	1	1	10542	1
317	93.667	147.67	2	1	1	1	1	2	7027.6	2
318	85.667	147.33	1	1	1	1	1	1	4027.9	1
319	91.667	151.33	3	1	1	1	1	3	2223.2	3
320	89.667	150.33	2	1	1	1	1	2	727.64	2
321	94.333	150	2	1	1	1	1	2	463.91	2
322	87.667	162.33	3	1	1	1	1	3	512.01	3
323	94.667	167	1	1	1	1	1	1	29945	1
324	87.333	182	2	1	1	1	1	2	8838.2	2
325	91.667	182.33	1	1	1	1	1	1	7752.4	1
326	94	175.67	1	1	1	1	1	1	6640.6	1
327	94.333	182	1	1	1	1	1	1	5757.9	1
328	89.667	183.67	2	1	1	1	1	2	5017.9	2
329	85.667	183.67	1	1	1	1	1	1	3716.2	1
330	89.333	180.33	2	1	1	1	1	2	2911.9	2
331	92.333	179.67	1	1	1	1	1	1	1749.2	1
332	85.333	180.33	2	1	1	1	1	2	1584.9	2
333	94.667	179.33	2	1	1	1	1	2	1457.3	2
334	87.333	179	1	1	1	1	1	1	1352	1
335	87.667	186.33	1	1	1	1	1	1	9254.2	1
336	89.333	188.67	2	1	1	1	1	2	9130.4	2
337	91.667	187.33	1	1	1	1	1	1	8047.5	1
338	92.667	185	1	1	1	1	1	1	7427.2	1
339	94.333	191	2	1	1	1	1	2	6875.7	2
340	90.667	191.33	2	1	1	1	1	2	5658.6	2
341	87.333	193.67	2	1	1	1	1	2	5238.5	2
342	87.333	190	2	1	1	1	1	2	3795.3	2
343	94	188	2	1	1	1	1	2	3119.2	2
344	90.333	193.67	2	1	1	1	1	2	2984.7	2
345	92.333	189.67	2	1	1	1	1	2	1345.1	2
346	92.667	192.67	2	1	1	1	1	2	923.58	2
347	86.667	200.33	1	1	1	1	1	1	15455	1
348	85.667	197.67	1	1	1	1	1	1	11587	1
349	92.667	198.67	1	1	1	1	1	1	7608.2	1
350	86.333	202.67	2	1	1	1	1	2	6912.1	2
351	89	195.67	2	1	1	1	1	2	5983.4	2
352	94.667	204.67	2	1	1	1	1	2	5619.3	2
353	89.333	200.33	2	1	1	1	1	2	4075.1	2
354	94.333	201	1	1	1	1	1	1	3665.6	1
355	90.333	204.67	2	1	1	1	1	2	1865.1	2
356	88	198.33	1	1	1	1	1	1	1168.1	1
357	93	213.33	2	1	1	1	1	2	19090	2
358	85	209.33	2	1	1	1	1	2	9584.3	2
359	90.667	213	2	1	1	1	1	2	6708.8	2
360	91.667	207.67	1	1	1	1	1	1	6340.2	1
361	86.667	207.67	1	1	1	1	1	1	3053.9	1
362	87.333	213.67	1	1	1	1	1	1	2962.3	1
363	88	210.67	1	1	1	1	1	1	2066.6	1
364	91.667	210.33	3	1	1	1	1	3	1612.9	3
365	89.333	208.67	1	1	1	1	1	1	1263.5	1
366	91	222	2	1	1	1	1	2	7300.4	2
367	86.333	217	1	1	1	1	1	1	5281.3	1
368	89.667	215.33	2	1	1	1	1	2	4717.6	2
369	86.333	221	1	1	1	1	1	1	4319.6	1
370	89.667	219	1	1	1	1	1	1	4024.4	1
371	94	217	1	1	1	1	1	1	2793.4	1
372	85.333	223.33	2	1	1	1	1	2	2556.8	2
373	91.667	216.67	1	1	1	1	1	1	2120.2	1
374	88.333	222.33	1	1	1	1	1	1	1039.7	1
375	93.667	223.33	3	1	1	1	1	3	994.15	3
376	85	226	2	1	1	1	1	2	32999	2
377	92.333	225.33	2	1	1	1	1	2	19429	2
378	87.333	226	2	1	1	1	1	2	6242.1	2
379	87	232	2	1	1	1	1	2	5922.7	2
380	91.333	227.67	1	1	1	1	1	1	3337.1	1
381	92	232	2	1	1	1	1	2	1134.5	2
382	89.667	233.33	1	1	1	1	1	1	1065.5	1
383	93	236	2	1	1	1	1	2	4761.9	2
384	97.667	99.667	1	1	1	1	1	1	20143	1
385	97	102	1	1	1	1	1	1	14910	1
386	97	104.33	1	1	1	1	1	1	6124.7	1
387	95.333	98.667	1	1	1	1	1	1	3215.2	1
388	101.67	104.33	1	1	1	1	1	1	617.86	1
389	102.33	111.33	1	1	1	1	1	1	62769	1
390	99.333	105	1	1	1	1	1	1	22366	1
391	96	114	1	1	1	1	1	1	12318	1
392	99.333	107.67	2	1	1	1	1	2	10267	2
393	101.67	109	3	1	1	1	1	3	1366.7	3
394	104.67	120.33	2	1	1	1	1	2	46745	2
395	100.67	131.67	2	1	1	1	1	2	19018	2
396	97.667	127	1	1	1	1	1	1	14580	1
397	95	125	1	1	1	1	1	1	2040.9	1
398	100	126.67	1	1	1	1	1	1	1109.4	1
399	97	134.67	3	1	1	1	1	3	774.26	3
400	103	125.33	2	1	1	1	1	2	678.38	2
401	102.67	133.67	2	1	1	1	1	2	600.93	2
402	99.667	136.67	1	1	1	1	1	1	30930	1
403	103.33	137.33	1	1	1	1	1	1	22863	1
404	96.333	138.33	2	1	1	1	1	2	18512	2
405	97.667	144.33	2	1	1	1	1	2	17600	2
406	100	142	2	1	1	1	1	2	15141	2
407	103.33	142.33	1	1	1	1	1	1	11575	1
408	101.33	139	1	1	1	1	1	1	11008	1
409	96.667	141.67	2	1	1	1	1	2	7588.4	2
410	104	139.67	2	1	1	1	1	2	3932.7	2
411	98.667	139.33	1	1	1	1	1	1	3651.3	1
412	96.333	148	2	1	1	1	1	2	46924	2
413	98.667	148	1	1	1	1	1	1	16488	1
414	102.33	148.33	2	1	1	1	1	2	14263	2
415	100.33	145	2	1	1	1	1	2	5178.7	2
416	95.333	145.67	2	1	1	1	1	2	874.95	2
417	103.67	146.33	2	1	1	1	1	2	757.44	2
418	103	152.67	3	1	1	1	1	3	573.45	3
419	97.667	146.33	3	1	1	1	1	3	469.8	3
420	100.67	164.67	2	1	1	1	1	2	8913.6	2
421	103.33	158.33	1	1	1	1	1	1	6832.7	1
422	95.333	164.67	1	1	1	1	1	1	5827	1
423	95.333	161	3	1	1	1	1	3	701.21	3
424	98.333	171.33	2	1	1	1	1	2	32416	2
425	99.333	168	2	1	1	1	1	2	22021	2
426	104	169.33	1	1	1	1	1	1	14766	1
427	96.667	169	2	1	1	1	1	2	13006	2
428	100.33	174.33	2	1	1	1	1	2	10055	2
429	98	174	1	1	1	1	1	1	7615.6	1
430	95.333	172.33	1	1	1	1	1	1	7393.4	1
431	103.67	173.67	1	1	1	1	1	1	5449.7	1
432	101.67	177.67	2	1	1	1	1	2	13564	2
433	96.667	177	1	1	1	1	1	1	11834	1
434	104.33	182.33	1	1	1	1	1	1	10158	1
435	103.67	179.33	2	1	1	1	1	2	6068.1	2
436	99.667	179.33	1	1	1	1	1	1	4867.3	1
437	99	176.33	2	1	1	1	1	2	3970.1	2
438	101.67	181.67	1	1	1	1	1	1	3764.6	1
439	99.667	183	1	1	1	1	1	1	934.54	1
440	97.667	180.67	1	1	1	1	1	1	745.49	1
441	96	189.33	2	1	1	1	1	2	11492	2
442	96.667	185.67	2	1	1	1	1	2	7374.2	2
443	101.33	190.67	2	1	1	1	1	2	7079.7	2
444	100.67	194.33	1	1	1	1	1	1	5018.1	1
445	97.333	194.33	1	1	1	1	1	1	4992.5	1
446	101.33	185.67	2	1	1	1	1	2	3068.2	2
447	104.33	186.33	1	1	1	1	1	1	1420.9	1
448	99	185.67	1	1	1	1	1	1	1317.9	1
449	103.33	189.33	2	1	1	1	1	2	1210.5	2
450	102.67	193	2	1	1	1	1	2	760.83	2
451	104.67	191.33	2	1	1	1	1	2	431.33	2
452	103.67	199.67	2	1	1	1	1	2	17728	2
453	102.33	202	2	1	1	1	1	2	14475	2
454	96.333	202.67	1	1	1	1	1	1	11138	1
455	96.667	200	1	1	1	1	1	1	6510.4	1
456	101.33	198	1	1	1	1	1	1	6018.8	1
457	99.333	201.33	2	1	1	1	1	2	5197.4	2
458	103.33	196.33	2	1	1	1	1	2	3724.5	2
459	98.333	198.33	2	1	1	1	1	2	2738.3	2
460	95.667	197	2	1	1	1	1	2	2439.1	2
461	99	196	2	1	1	1	1	2	1375.8	2
462	103.33	212.33	2	1	1	1	1	2	27197	2
463	96.333	214.67	2	1	1	1	1	2	5439.8	2
464	102.33	210	1	1	1	1	1	1	5283.2	1
465	96.667	207	2	1	1	1	1	2	3639	2
466	97.667	212.67	2	1	1	1	1	2	2999.2	2
467	96.333	210	1	1	1	1	1	1	2336.5	1
468	102	206.33	1	1	1	1	1	1	1442.3	1
469	99.333	210.33	1	1	1	1	1	1	967.16	1
470	96.667	222.33	1	1	1	1	1	1	18199	1
471	99	223	1	1	1	1	1	1	8762.9	1
472	102	220.67	1	1	1	1	1	1	8539.9	1
473	104.33	222	1	1	1	1	1	1	5819.4	1
474	102.67	215	2	1	1	1	1	2	5158.7	2
475	95	220.33	1	1	1	1	1	1	2897	1
476	99.333	220.33	2	1	1	1	1	2	2761.7	2
477	103	217.33	2	1	1	1	1	2	2086.9	2
478	100.67	226	1	1	1	1	1	1	13258	1
479	95.667	225	2	1	1	1	1	2	10806	2
480	99.333	228.33	1	1	1	1	1	1	10360	1
481	98	226	1	1	1	1	1	1	8868.6	1
482	102	228.33	1	1	1	1	1	1	6286.5	1
483	104	231.33	1	1	1	1	1	1	4000.9	1
484	98.333	231	1	1	1	1	1	1	3830.1	1
485	104.33	229	1	1	1	1	1	1	1880.4	1
486	97.333	233.33	1	1	1	1	1	1	1336.4	1
487	101.67	231.33	1	1	1	1	1	1	1098.9	1
488	96.667	228.67	1	1	1	1	1	1	1007.5	1
489	95.333	231.33	1	1	1	1	1	1	543.11	1
490	105.33	91	1	1	1	1	1	1	6204.4	1
491	112.33	102	2	1	1	1	1	2	23263	2
492	113	99	2	1	1	1	1	2	11223	2
493	109	103	2	1	1	1	1	2	475.28	2
494	112.67	111	2	1	1	1	1	2	17736	2
495	114	108.33	2	1	1	1	1	2	564.47	2
496	109.67	106.33	1	1	1	1	1	1	372.99	1
497	105	123.67	1	1	1	1	1	1	99018	1
498	111.67	120	2	1	1	1	1	2	10589	2
499	111.67	115	1	1	1	1	1	1	2005.5	1
500	108.67	119	3	1	1	1	1	3	1177.8	3
501	109.33	115.33	2	1	1	1	1	2	549.87	2
502	107	126.67	1	1	1	1	1	1	19508	1
503	112.33	128.33	1	1	1	1	1	1	13734	1
504	113.33	131.67	1	1	1	1	1	1	7354.9	1
505	110.33	134.33	1	1	1	1	1	1	4450.4	1
506	109.33	126.33	1	1	1	1	1	1	932.62	1
507	114.67	128.33	1	1	1	1	1	1	899.18	1
508	111	132	1	1	1	1	1	1	660.21	1
509	108	128.67	3	1	1	1	1	3	426.13	3
510	114.33	144.67	1	1	1	1	1	1	23087	1
511	111.67	143	2	1	1	1	1	2	21676	2
512	113.33	137.67	1	1	1	1	1	1	12429	1
513	112.67	140.33	2	1	1	1	1	2	11797	2
514	114.33	135.33	1	1	1	1	1	1	10858	1
515	114.33	142	1	1	1	1	1	1	9558.1	1
516	110.67	138.33	2	1	1	1	1	2	7262	2
517	109	140	1	1	1	1	1	1	3316.8	1
518	109.33	143.67	2	1	1	1	1	2	2675.1	2
519	111.67	135.67	3	1	1	1	1	3	867.6	3
520	107.67	142	2	1	1	1	1	2	563.69	2
521	106.33	139	2	1	1	1	1	2	559	2
522	108	154.67	2	1	1	1	1	2	28571	2
523	112.33	151.33	1	1	1	1	1	1	24883	1
524	110.33	153.67	2	1	1	1	1	2	22174	2
525	107	150.67	1	1	1	1	1	1	19125	1
526	114.67	148	2	1	1	1	1	2	17106	2
527	106	145.67	2	1	1	1	1	2	17063	2
528	108	147.33	2	1	1	1	1	2	11425	2
529	105.67	148	1	1	1	1	1	1	7315.9	1
530	110.33	146.33	1	1	1	1	1	1	3098.5	1
531	112.33	161	2	1	1	1	1	2	78150	2
532	114.67	160.67	1	1	1	1	1	1	12177	1
533	114.33	163.67	1	1	1	1	1	1	11694	1
534	109.33	157	1	1	1	1	1	1	8400.6	1
535	112.67	156	3	1	1	1	1	3	475.77	3
536	107	169	1	1	1	1	1	1	37696	1
537	113.67	170	2	1	1	1	1	2	36421	2
538	109	172	1	1	1	1	1	1	26232	1
539	109.67	169.67	2	1	1	1	1	2	14266	2
540	109.67	166.67	1	1	1	1	1	1	11843	1
541	113	166.67	1	1	1	1	1	1	9906.4	1
542	106.67	171.67	1	1	1	1	1	1	8428.7	1
543	113	172.67	2	1	1	1	1	2	8283	2
544	111	174.33	1	1	1	1	1	1	7026.8	1
545	108.67	174	3	1	1	1	1	3	3706	3
546	106	174	2	1	1	1	1	2	746.56	2
547	111.67	178.33	2	1	1	1	1	2	24351	2
548	107.33	182.67	2	1	1	1	1	2	24027	2
549	113	181	1	1	1	1	1	1	18690	1
550	109	176	1	1	1	1	1	1	16990	1
551	105.67	177	2	1	1	1	1	2	11188	2
552	107.33	180	2	1	1	1	1	2	8528.2	2
553	105.67	184.33	1	1	1	1	1	1	7719.9	1
554	112.67	184.33	1	1	1	1	1	1	5878.2	1
555	109.67	182.67	1	1	1	1	1	1	5595.9	1
556	109.67	185.33	2	1	1	1	1	2	22773	2
557	107.67	186.67	2	1	1	1	1	2	19773	2
558	109.67	188.33	2	1	1	1	1	2	13266	2
559	114.33	190	1	1	1	1	1	1	12997	1
560	105.67	188.67	2	1	1	1	1	2	7877.4	2
561	112.67	188	2	1	1	1	1	2	7485.1	2
562	107.67	190.67	1	1	1	1	1	1	4257.6	1
563	111.67	191.33	1	1	1	1	1	1	3966.8	1
564	109	192	3	1	1	1	1	3	1135.8	3
565	105.67	194.67	1	1	1	1	1	1	559.01	1
566	113.67	203.67	2	1	1	1	1	2	42201	2
567	113.67	201.33	2	1	1	1	1	2	26151	2
568	111.33	201.33	1	1	1	1	1	1	9923.5	1
569	111.33	197.67	1	1	1	1	1	1	8170	1
570	107.33	200.67	2	1	1	1	1	2	7840.8	2
571	114.33	195.67	2	1	1	1	1	2	5792.6	2
572	109.33	199	1	1	1	1	1	1	3657.5	1
573	105.33	204.67	2	1	1	1	1	2	2958.8	2
574	112	195.33	2	1	1	1	1	2	810.83	2
575	111.33	204	2	1	1	1	1	2	720.36	2
576	107.33	203.33	2	1	1	1	1	2	640.22	2
577	105.67	198.33	2	1	1	1	1	2	523.18	2
578	108.33	210.67	1	1	1	1	1	1	7340.1	1
579	105.67	210.67	1	1	1	1	1	1	6851.8	1
580	112.67	212.67	2	1	1	1	1	2	6114.9	2
581	113.33	206.33	1	1	1	1	1	1	5674.6	1
582	109.67	207.33	1	1	1	1	1	1	4008.4	1
583	108.67	213.33	2	1	1	1	1	2	3778.9	2
584	107.33	206.67	1	1	1	1	1	1	3550.1	1
585	110.67	210.33	2	1	1	1	1	2	3279.3	2
586	114.33	208.67	1	1	1	1	1	1	2164.2	1
587	111	214.33	2	1	1	1	1	2	2061.7	2
588	112	208.33	1	1	1	1	1	1	1040.8	1
589	105.67	219.33	1	1	1	1	1	1	14031	1
590	108.67	215.67	1	1	1	1	1	1	11595	1
591	109.67	221.33	2	1	1	1	1	2	10284	2
592	107.67	222.67	1	1	1	1	1	1	5121	1
593	108.67	218	1	1	1	1	1	1	4849.4	1
594	111.67	218.67	1	1	1	1	1	1	4609.9	1
595	110	224.67	2	1	1	1	1	2	3091.8	2
596	113.33	221	1	1	1	1	1	1	1797.9	1
597	113.33	217	1	1	1	1	1	1	1553.5	1
598	112	230.67	1	1	1	1	1	1	14637	1
599	113.33	228.67	2	1	1	1	1	2	10776	2
600	110	228	2	1	1	1	1	2	8163.4	2
601	107	229	1	1	1	1	1	1	7398.3	1
602	107.67	225.67	2	1	1	1	1	2	5610.7	2
603	114.67	230.67	1	1	1	1	1	1	4049	1
604	109.33	232	2	1	1	1	1	2	3751	2
605	105.33	225	2	1	1	1	1	2	2210.6	2
606	106.33	233	1	1	1	1	1	1	1051.2	1
607	113.67	226.33	3	1	1	1	1	3	1000.7	3
608	108.67	230	3	1	1	1	1	3	734.42	3
609	113.33	232.67	2	1	1	1	1	2	452.26	2
610	113.67	238.67	2	1	1	1	1	2	1117.3	2
611	109.67	237	2	1	1	1	1	2	573.42	2
612	105.33	236	1	1	1	1	1	1	365.02	1
613	116	93.667	2	1	1	1	1	2	14855	2
614	122.67	102.33	1	1	1	1	1	1	58069	1
615	119.67	104	2	1	1	1	1	2	39486	2
616	115.67	103.33	2	1	1	1	1	2	23811	2
617	118	102.33	1	1	1	1	1	1	14978	1
618	120.33	101.67	1	1	1	1	1	1	1580.4	1
619	115	105.67	1	1	1	1	1	1	52304	1
620	118.67	108.33	2	1	1	1	1	2	40124	2
621	124	107.33	1	1	1	1	1	1	34228	1
622	124.33	110.33	1	1	1	1	1	1	33489	1
623	116.33	109	1	1	1	1	1	1	29240	1
624	121.67	108.33	1	1	1	1	1	1	16625	1
625	123.67	105	2	1	1	1	1	2	2885.3	2
626	122	106.33	3	1	1	1	1	3	529.71	3
627	121	117.67	2	1	1	1	1	2	16766	2
628	121.33	115	2	1	1	1	1	2	9888.5	2
629	123.33	120.67	1	1	1	1	1	1	7938.5	1
630	117.33	124	1	1	1	1	1	1	7152.5	1
631	118.67	119.67	1	1	1	1	1	1	3755.9	1
632	115	124.67	1	1	1	1	1	1	2118.8	1
633	119.67	123.67	1	1	1	1	1	1	965.58	1
634	123.33	117.67	1	1	1	1	1	1	956.82	1
635	121	120.33	2	1	1	1	1	2	545.23	2
636	122	134.67	1	1	1	1	1	1	20988	1
637	116.33	133.33	1	1	1	1	1	1	20210	1
638	119.67	129.67	1	1	1	1	1	1	13951	1
639	123.33	128.67	2	1	1	1	1	2	13672	2
640	118.67	132.67	1	1	1	1	1	1	11877	1
641	117.33	130	1	1	1	1	1	1	11173	1
642	118.33	127	2	1	1	1	1	2	10992	2
643	123.67	132.67	1	1	1	1	1	1	10793	1
644	121	132.33	2	1	1	1	1	2	7004.8	2
645	121	127.67	1	1	1	1	1	1	4037.1	1
646	123	126.33	1	1	1	1	1	1	944.64	1
647	124	142.67	2	1	1	1	1	2	2.1664e+05	2
648	119.33	136.33	1	1	1	1	1	1	15651	1
649	117.33	139	1	1	1	1	1	1	15028	1
650	124.33	137	2	1	1	1	1	2	11647	2
651	120.33	140.67	1	1	1	1	1	1	11526	1
652	122.67	139.67	1	1	1	1	1	1	9906	1
653	116.33	136.67	1	1	1	1	1	1	6222.9	1
654	117.33	142	2	1	1	1	1	2	5052.6	2
655	122	137.33	3	1	1	1	1	3	1164.9	3
656	115	139.67	2	1	1	1	1	2	496.06	2
657	123	145.33	2	1	1	1	1	2	56060	2
658	116	151	1	1	1	1	1	1	47701	1
659	121.33	159	1	1	1	1	1	1	17736	1
660	120.67	156.67	1	1	1	1	1	1	15879	1
661	120.67	164.33	1	1	1	1	1	1	12732	1
662	123.67	159.33	2	1	1	1	1	2	12459	2
663	124	162	1	1	1	1	1	1	8967.7	1
664	117	162	1	1	1	1	1	1	7721.5	1
665	118.67	163.33	3	1	1	1	1	3	391.48	3
666	118.67	168.33	2	1	1	1	1	2	25745	2
667	115	174.33	2	1	1	1	1	2	21007	2
668	123	172.67	2	1	1	1	1	2	20307	2
669	123.33	165.33	1	1	1	1	1	1	17377	1
670	117.33	171.67	2	1	1	1	1	2	15335	2
671	120.67	170.33	1	1	1	1	1	1	14593	1
672	121	168	1	1	1	1	1	1	13117	1
673	124.67	168	2	1	1	1	1	2	12425	2
674	123.33	170	1	1	1	1	1	1	8780.7	1
675	115.67	168	1	1	1	1	1	1	8287.1	1
676	119.67	172.67	1	1	1	1	1	1	4907.4	1
677	124.67	174.33	2	1	1	1	1	2	2517.7	2
678	117.67	174	2	1	1	1	1	2	774.57	2
679	123.67	181.33	2	1	1	1	1	2	18034	2
680	122.67	178.67	2	1	1	1	1	2	14193	2
681	115.67	177.67	2	1	1	1	1	2	12443	2
682	120	178	1	1	1	1	1	1	11528	1
683	122.67	184.33	1	1	1	1	1	1	10873	1
684	117.33	181	1	1	1	1	1	1	8521.2	1
685	118.33	176.33	1	1	1	1	1	1	7701.2	1
686	121.67	175.33	1	1	1	1	1	1	6752.3	1
687	120.33	183	1	1	1	1	1	1	6489	1
688	116	183	1	1	1	1	1	1	3785.2	1
689	119.33	194.33	2	1	1	1	1	2	33666	2
690	121	189.67	2	1	1	1	1	2	21092	2
691	119.67	191.67	1	1	1	1	1	1	17401	1
692	123.33	187.67	2	1	1	1	1	2	12798	2
693	116.67	191.67	1	1	1	1	1	1	10527	1
694	120.67	186.33	2	1	1	1	1	2	10250	2
695	118	188.67	2	1	1	1	1	2	10040	2
696	121.67	193.33	2	1	1	1	1	2	9424.5	2
697	118	186	1	1	1	1	1	1	8466.4	1
698	115.33	186	1	1	1	1	1	1	1575.2	1
699	117	194	1	1	1	1	1	1	1064.4	1
700	117.33	196.33	1	1	1	1	1	1	24019	1
701	116.67	203	1	1	1	1	1	1	21965	1
702	124.67	201.67	2	1	1	1	1	2	13192	2
703	117.67	200	2	1	1	1	1	2	11800	2
704	121.33	196.33	1	1	1	1	1	1	9672.6	1
705	122.33	199.33	2	1	1	1	1	2	8432.3	2
706	119	198	3	1	1	1	1	3	7280.6	3
707	123.67	197.33	2	1	1	1	1	2	2031	2
708	124.33	195	1	1	1	1	1	1	970.71	1
709	124.67	205.33	1	1	1	1	1	1	33232	1
710	119	207	1	1	1	1	1	1	13471	1
711	120.33	211	1	1	1	1	1	1	9302.4	1
712	120.67	205.33	1	1	1	1	1	1	8831	1
713	123.33	210	1	1	1	1	1	1	8552.1	1
714	118.67	213	2	1	1	1	1	2	8272.3	2
715	116.33	211	1	1	1	1	1	1	7218.4	1
716	116.67	207.67	2	1	1	1	1	2	5917.4	2
717	122.67	213	1	1	1	1	1	1	4434.9	1
718	118.33	209.67	1	1	1	1	1	1	1407.7	1
719	124.67	223	1	1	1	1	1	1	14426	1
720	122	224.33	1	1	1	1	1	1	12720	1
721	119.33	222.33	1	1	1	1	1	1	10041	1
722	124	217	2	1	1	1	1	2	8524	2
723	123	219.33	2	1	1	1	1	2	5083	2
724	115.67	224	1	1	1	1	1	1	2645.1	1
725	121	220.67	1	1	1	1	1	1	2501.3	1
726	121.67	215	1	1	1	1	1	1	2016.6	1
727	121.67	217.33	2	1	1	1	1	2	1483.2	2
728	118.33	219.33	2	1	1	1	1	2	1309.2	2
729	119.67	217.67	3	1	1	1	1	3	908.08	3
730	117.33	216.67	2	1	1	1	1	2	496.58	2
731	120	225.67	1	1	1	1	1	1	22315	1
732	115.67	227.33	1	1	1	1	1	1	11833	1
733	115.67	234.67	2	1	1	1	1	2	6281.4	2
734	123.33	226.67	1	1	1	1	1	1	3866.2	1
735	117.33	230.33	1	1	1	1	1	1	3007	1
736	118.67	233.33	1	1	1	1	1	1	1479.8	1
737	123.33	234.33	2	1	1	1	1	2	1236	2
738	123.33	231.33	1	1	1	1	1	1	951.57	1
739	121.33	228	2	1	1	1	1	2	836.53	2
740	115.67	237.33	1	1	1	1	1	1	4064.4	1
741	117.67	236	2	1	1	1	1	2	2706.2	2
742	119.33	238.67	1	1	1	1	1	1	658.32	1
743	121	252.67	1	1	1	1	1	1	3014.6	1
744	119	250.67	1	1	1	1	1	1	630.16	1
745	122	246.33	3	1	1	1	1	3	487.7	3
746	119.67	256	1	1	1	1	1	1	1256.7	1
747	115.33	256.67	2	1	1	1	1	2	1053.1	2
748	122.67	258.67	1	1	1	1	1	1	681.7	1
749	130.67	74.667	2	1	1	1	1	2	4444.5	2
750	129.33	72.667	1	1	1	1	1	1	1732.2	1
751	133	70	1	1	1	1	1	1	1439.5	1
752	128.67	68.333	1	1	1	1	1	1	623.78	1
753	132.67	66.333	2	1	1	1	1	2	513.65	2
754	127.67	75	2	1	1	1	1	2	8929.8	2
755	132.33	77.333	1	1	1	1	1	1	6857.9	1
756	127.67	77.667	1	1	1	1	1	1	1585.1	1
757	125.33	76.667	1	1	1	1	1	1	678.22	1
758	128.67	86	2	1	1	1	1	2	27678	2
759	133.67	93.667	1	1	1	1	1	1	21018	1
760	129.67	96.333	2	1	1	1	1	2	60026	2
761	130	102.33	1	1	1	1	1	1	47497	1
762	134.33	104.67	2	1	1	1	1	2	46918	2
763	132.67	102.67	2	1	1	1	1	2	41342	2
764	125.67	103	1	1	1	1	1	1	33593	1
765	130.33	99	1	1	1	1	1	1	17011	1
766	132.33	96.667	2	1	1	1	1	2	11786	2
767	133.33	99.333	1	1	1	1	1	1	11094	1
768	128.33	104.67	1	1	1	1	1	1	9483.6	1
769	127.67	101.67	1	1	1	1	1	1	740.96	1
770	128.33	114.67	2	1	1	1	1	2	63034	2
771	130.33	106.67	2	1	1	1	1	2	29233	2
772	134	113.33	1	1	1	1	1	1	6475.8	1
773	126.67	112.33	2	1	1	1	1	2	3710.9	2
774	129.33	109	3	1	1	1	1	3	1157	3
775	132.67	106.33	2	1	1	1	1	2	898.39	2
776	127	106.67	2	1	1	1	1	2	438.52	2
777	131.33	121.67	1	1	1	1	1	1	41967	1
778	133.67	124.67	1	1	1	1	1	1	21385	1
779	126	115.33	1	1	1	1	1	1	16219	1
780	126.33	120.67	2	1	1	1	1	2	7522.2	2
781	129.67	126.33	1	1	1	1	1	1	26000	1
782	127.33	128	2	1	1	1	1	2	25122	2
783	129.67	129.33	1	1	1	1	1	1	16895	1
784	126.67	125.33	2	1	1	1	1	2	10147	2
785	133	130.67	2	1	1	1	1	2	6200	2
786	133.33	134	2	1	1	1	1	2	4265.2	2
787	125.67	134.33	2	1	1	1	1	2	3026.7	2
788	125.33	127.67	3	1	1	1	1	3	2457.9	3
789	125.67	130.33	1	1	1	1	1	1	1481.9	1
790	126.67	137.67	2	1	1	1	1	2	2067.1	2
791	134	144.33	1	1	1	1	1	1	559.78	1
792	128.33	152	1	1	1	1	1	1	1.2031e+05	1
793	126.67	145.33	1	1	1	1	1	1	1.1515e+05	1
794	129.33	146.33	1	1	1	1	1	1	32528	1
795	133.33	151	2	1	1	1	1	2	13006	2
796	131.67	145	1	1	1	1	1	1	9271	1
797	128.33	149.67	2	1	1	1	1	2	3243.6	2
798	130.67	150.67	1	1	1	1	1	1	1735.6	1
799	128	147.67	3	1	1	1	1	3	875.02	3
800	127	154.33	3	1	1	1	1	3	684.72	3
801	128.33	160.67	2	1	1	1	1	2	39571	2
802	130	163	2	1	1	1	1	2	29334	2
803	131	156.33	1	1	1	1	1	1	5947.2	1
804	134.33	158.33	1	1	1	1	1	1	3801.9	1
805	134.33	163.33	2	1	1	1	1	2	2691.5	2
806	127	159	3	1	1	1	1	3	2174.1	3
807	128	164.67	1	1	1	1	1	1	1691.1	1
808	125.33	157.67	1	1	1	1	1	1	697	1
809	131.33	170	2	1	1	1	1	2	36004	2
810	130.67	167.33	1	1	1	1	1	1	28374	1
811	127	173.33	1	1	1	1	1	1	21284	1
812	133.67	167	2	1	1	1	1	2	18294	2
813	126	166	1	1	1	1	1	1	17771	1
814	132	165	2	1	1	1	1	2	17113	2
815	128.33	168	2	1	1	1	1	2	14196	2
816	133.67	170.33	1	1	1	1	1	1	10547	1
817	131.33	173	1	1	1	1	1	1	9454.2	1
818	128.33	170.67	1	1	1	1	1	1	6965.7	1
819	126	170.67	2	1	1	1	1	2	3077	2
820	134.67	173.33	3	1	1	1	1	3	1291.1	3
821	125	176.67	1	1	1	1	1	1	25573	1
822	129.67	177	1	1	1	1	1	1	19982	1
823	127.33	178	1	1	1	1	1	1	18683	1
824	130.67	179.67	2	1	1	1	1	2	15151	2
825	125.67	179.67	1	1	1	1	1	1	14300	1
826	132.33	176.33	1	1	1	1	1	1	12725	1
827	133.33	179.67	2	1	1	1	1	2	10367	2
828	133.33	183	1	1	1	1	1	1	10151	1
829	130.67	183.33	1	1	1	1	1	1	3748.1	1
830	128	183.67	1	1	1	1	1	1	2003.8	1
831	127.33	175.67	1	1	1	1	1	1	916.88	1
832	133.33	187.67	1	1	1	1	1	1	27047	1
833	134.67	185.67	2	1	1	1	1	2	19387	2
834	130.33	189.33	1	1	1	1	1	1	17797	1
835	128.33	192.33	2	1	1	1	1	2	12708	2
836	132.67	191.67	1	1	1	1	1	1	12693	1
837	126	193.33	1	1	1	1	1	1	7487.9	1
838	126	185.67	1	1	1	1	1	1	7091.2	1
839	125.67	189	1	1	1	1	1	1	6021.7	1
840	130.67	193	2	1	1	1	1	2	5490.5	2
841	129.33	187	1	1	1	1	1	1	3210.9	1
842	128	190	2	1	1	1	1	2	1263.3	2
843	127.33	196.33	2	1	1	1	1	2	14170	2
844	132	204	1	1	1	1	1	1	11471	1
845	127	203.67	2	1	1	1	1	2	11274	2
846	129.67	195.67	2	1	1	1	1	2	6852.3	2
847	134	202.33	1	1	1	1	1	1	6341.7	1
848	129.33	201.33	1	1	1	1	1	1	6293.1	1
849	133.33	199.67	1	1	1	1	1	1	5426	1
850	126.67	200	1	1	1	1	1	1	5180.8	1
851	129.67	199	2	1	1	1	1	2	4470.7	2
852	131.67	201.33	1	1	1	1	1	1	4327.4	1
853	132	195.33	2	1	1	1	1	2	3981.1	2
854	131.67	197.67	1	1	1	1	1	1	1838.3	1
855	127	206.33	1	1	1	1	1	1	21001	1
856	125	208	2	1	1	1	1	2	19771	2
857	134.33	206.67	2	1	1	1	1	2	19568	2
858	129.33	205	1	1	1	1	1	1	13642	1
859	128.33	208.33	1	1	1	1	1	1	9880	1
860	130.67	210.67	1	1	1	1	1	1	8207.4	1
861	126.33	210.33	2	1	1	1	1	2	7916.3	2
862	134.67	214.33	2	1	1	1	1	2	4741.7	2
863	125.67	213.67	1	1	1	1	1	1	4126.6	1
864	128.33	212	1	1	1	1	1	1	3952	1
865	130.67	207	2	1	1	1	1	2	3588.1	2
866	132.67	209.33	1	1	1	1	1	1	3045.4	1
867	129.67	214.33	1	1	1	1	1	1	2791.7	1
868	134.67	211	2	1	1	1	1	2	2260.8	2
869	132.33	213.33	2	1	1	1	1	2	586.9	2
870	131.67	215.67	2	1	1	1	1	2	13506	2
871	130.33	222.33	1	1	1	1	1	1	10096	1
872	130	217.33	2	1	1	1	1	2	8141	2
873	127.33	223.33	2	1	1	1	1	2	7457.9	2
874	126.67	217.33	2	1	1	1	1	2	6579	2
875	129.67	219.67	1	1	1	1	1	1	6293.5	1
876	134.33	216.67	2	1	1	1	1	2	5696.9	2
877	134.67	224.67	1	1	1	1	1	1	4553.2	1
878	130.67	224.67	2	1	1	1	1	2	3858.1	2
879	126.33	220	2	1	1	1	1	2	3070.6	2
880	132.67	223	2	1	1	1	1	2	2639.1	2
881	134.67	219.67	1	1	1	1	1	1	2042.9	1
882	132	219.33	1	1	1	1	1	1	1819.4	1
883	134.67	227.67	1	1	1	1	1	1	20374	1
884	132.33	227.33	1	1	1	1	1	1	8924	1
885	128	230.67	1	1	1	1	1	1	7278.9	1
886	129	234	1	1	1	1	1	1	4941	1
887	126	228	1	1	1	1	1	1	4843.4	1
888	131	231.67	1	1	1	1	1	1	3956.8	1
889	128	226.67	1	1	1	1	1	1	2039.8	1
890	133.67	230	1	1	1	1	1	1	1974.1	1
891	131.67	229.33	3	1	1	1	1	3	820.07	3
892	130	228	1	1	1	1	1	1	686.89	1
893	134.33	238.33	2	1	1	1	1	2	1281.7	2
894	131.67	238.67	2	1	1	1	1	2	386.11	2
895	126	258	1	1	1	1	1	1	1112.3	1
896	135.33	71	2	1	1	1	1	2	2340.6	2
897	141.33	72.667	1	1	1	1	1	1	631.43	1
898	136.67	68.667	1	1	1	1	1	1	554.38	1
899	142.33	80.667	1	1	1	1	1	1	2136.1	1
900	136.67	78.667	3	1	1	1	1	3	593.29	3
901	143.33	91.667	1	1	1	1	1	1	29865	1
902	136.33	94.667	1	1	1	1	1	1	27325	1
903	138.67	93.333	1	1	1	1	1	1	17845	1
904	141.33	93.333	2	1	1	1	1	2	14119	2
905	141.67	89	2	1	1	1	1	2	2092.9	2
906	135	96.667	1	1	1	1	1	1	30353	1
907	140.33	95.667	2	1	1	1	1	2	21887	2
908	144.67	99.333	2	1	1	1	1	2	21592	2
909	135.33	102	1	1	1	1	1	1	14941	1
910	139.67	98.333	1	1	1	1	1	1	10181	1
911	142.67	97	2	1	1	1	1	2	9778.6	2
912	137.67	96.667	2	1	1	1	1	2	9555.5	2
913	137.33	100.67	2	1	1	1	1	2	8939.3	2
914	140	102.33	1	1	1	1	1	1	991.32	1
915	138.67	113	1	1	1	1	1	1	28275	1
916	137	107.33	1	1	1	1	1	1	14088	1
917	138.33	119.67	2	1	1	1	1	2	48978	2
918	141.67	119.33	1	1	1	1	1	1	15528	1
919	139.33	122.33	1	1	1	1	1	1	11834	1
920	141.67	122.67	1	1	1	1	1	1	6904.1	1
921	136.67	123.67	2	1	1	1	1	2	2925.4	2
922	144.67	134.67	1	1	1	1	1	1	26958	1
923	138.33	132	2	1	1	1	1	2	16211	2
924	138.67	125.67	2	1	1	1	1	2	15799	2
925	136.33	127	1	1	1	1	1	1	11591	1
926	137.33	129.67	2	1	1	1	1	2	10327	2
927	141	125.67	2	1	1	1	1	2	9473.1	2
928	139.67	128	1	1	1	1	1	1	7099.7	1
929	138	134.67	1	1	1	1	1	1	4892.1	1
930	135	129	3	1	1	1	1	3	2926.1	3
931	143.33	125.33	1	1	1	1	1	1	790.84	1
932	140.67	131.33	1	1	1	1	1	1	596.23	1
933	142	143	1	1	1	1	1	1	46993	1
934	139.67	144	1	1	1	1	1	1	27313	1
935	138	141.67	1	1	1	1	1	1	23560	1
936	135.33	141.33	1	1	1	1	1	1	18124	1
937	136.67	144	1	1	1	1	1	1	15853	1
938	139.33	137.33	1	1	1	1	1	1	10095	1
939	144.33	137.33	1	1	1	1	1	1	551.81	1
940	135.67	148.33	2	1	1	1	1	2	1.586e+05	2
941	137.67	147	1	1	1	1	1	1	27055	1
942	144	145.33	1	1	1	1	1	1	23784	1
943	140.33	148	1	1	1	1	1	1	22675	1
944	144.67	148.33	1	1	1	1	1	1	22329	1
945	141.67	146	1	1	1	1	1	1	16915	1
946	139.33	152	1	1	1	1	1	1	7161.1	1
947	142.33	153.67	1	1	1	1	1	1	6462.1	1
948	138.67	149.67	3	1	1	1	1	3	1985.2	3
949	135.33	155	2	1	1	1	1	2	1.0351e+05	2
950	140.33	162.67	2	1	1	1	1	2	10361	2
951	142.67	163.67	1	1	1	1	1	1	3330	1
952	138.33	161	1	1	1	1	1	1	2103.5	1
953	139	164.67	2	1	1	1	1	2	1917.1	2
954	144	155.33	2	1	1	1	1	2	1456.4	2
955	137.33	157.33	2	1	1	1	1	2	1392.6	2
956	140.33	155	2	1	1	1	1	2	1121.3	2
957	136	160	3	1	1	1	1	3	947.92	3
958	140.33	159.67	1	1	1	1	1	1	719.66	1
959	137	163.33	1	1	1	1	1	1	701.11	1
960	144.33	171	2	1	1	1	1	2	26283	2
961	143.67	174.67	2	1	1	1	1	2	15670	2
962	142	169	1	1	1	1	1	1	14781	1
963	144.33	166	2	1	1	1	1	2	12916	2
964	136	172	2	1	1	1	1	2	12656	2
965	136.67	174.33	2	1	1	1	1	2	11830	2
966	136.33	169	1	1	1	1	1	1	10355	1
967	140.67	174.67	2	1	1	1	1	2	7811.2	2
968	142	171.67	2	1	1	1	1	2	6904.7	2
969	135.67	165.33	1	1	1	1	1	1	6343.7	1
970	138	167	1	1	1	1	1	1	4939.5	1
971	139.67	169.67	1	1	1	1	1	1	4523	1
972	140.67	166.67	2	1	1	1	1	2	2630.8	2
973	138.67	173	1	1	1	1	1	1	482.78	1
974	138.33	177	1	1	1	1	1	1	27162	1
975	135.67	180.67	1	1	1	1	1	1	24593	1
976	138.33	180	2	1	1	1	1	2	23275	2
977	142	177	1	1	1	1	1	1	22934	1
978	144	180.33	1	1	1	1	1	1	18618	1
979	144.33	177.33	1	1	1	1	1	1	12148	1
980	141.33	180.67	1	1	1	1	1	1	11378	1
981	136.67	183.67	2	1	1	1	1	2	11101	2
982	144.67	183	1	1	1	1	1	1	7992	1
983	135.67	178.33	1	1	1	1	1	1	7020.9	1
984	140.67	183.67	1	1	1	1	1	1	5834.4	1
985	142.67	184.33	3	1	1	1	1	3	778.27	3
986	141.67	187.33	1	1	1	1	1	1	25554	1
987	144.33	190	2	1	1	1	1	2	18459	2
988	141.67	190.33	1	1	1	1	1	1	17210	1
989	135.33	191	1	1	1	1	1	1	16579	1
990	144.33	186.33	2	1	1	1	1	2	12692	2
991	143.67	193	2	1	1	1	1	2	7885.4	2
992	141.33	194.33	1	1	1	1	1	1	7152.2	1
993	139.33	188.33	1	1	1	1	1	1	4668.7	1
994	139.33	192.33	2	1	1	1	1	2	3022.9	2
995	137.33	194.67	3	1	1	1	1	3	2916.8	3
996	136.33	187.67	2	1	1	1	1	2	2788.7	2
997	138.67	185.33	1	1	1	1	1	1	902.97	1
998	139.33	196	1	1	1	1	1	1	16235	1
999	141.33	200.33	2	1	1	1	1	2	13831	2
1000	139	202.67	2	1	1	1	1	2	11638	2
1001	144.33	204.67	2	1	1	1	1	2	9630.4	2
1002	139.33	198.67	1	1	1	1	1	1	8668.7	1
1003	142.33	197.33	1	1	1	1	1	1	8319.4	1
1004	144.33	195.33	2	1	1	1	1	2	6162.2	2
1005	136.67	201	1	1	1	1	1	1	5210.6	1
1006	144.67	197.33	3	1	1	1	1	3	2554	3
1007	144	201.67	1	1	1	1	1	1	2541.3	1
1008	135.33	198.33	1	1	1	1	1	1	2465	1
1009	137	196.67	1	1	1	1	1	1	1083.5	1
1010	136.67	209.67	2	1	1	1	1	2	15767	2
1011	138.33	205.67	1	1	1	1	1	1	12968	1
1012	141.33	205.33	2	1	1	1	1	2	11373	2
1013	136.33	212.67	2	1	1	1	1	2	10659	2
1014	136	205	1	1	1	1	1	1	10083	1
1015	139.33	209.67	2	1	1	1	1	2	7037.3	2
1016	144.67	209	2	1	1	1	1	2	5899.1	2
1017	139.67	213.33	1	1	1	1	1	1	4770.1	1
1018	142	214.67	1	1	1	1	1	1	4674	1
1019	136.67	207.33	2	1	1	1	1	2	4380.7	2
1020	143.67	211.33	2	1	1	1	1	2	4153.7	2
1021	141.33	211.33	2	1	1	1	1	2	3183.5	2
1022	141.33	208.33	2	1	1	1	1	2	2840.5	2
1023	144	206.67	3	1	1	1	1	3	981.72	3
1024	143.33	216.67	2	1	1	1	1	2	18104	2
1025	138.67	217	2	1	1	1	1	2	8570.8	2
1026	142.67	219	1	1	1	1	1	1	7003.1	1
1027	139.67	221	1	1	1	1	1	1	4246.9	1
1028	137.33	221	1	1	1	1	1	1	1410.2	1
1029	140.67	216	3	1	1	1	1	3	586.95	3
1030	144.33	230.67	2	1	1	1	1	2	22316	2
1031	136.67	226.33	2	1	1	1	1	2	13119	2
1032	138.33	232	2	1	1	1	1	2	3971.5	2
1033	142.33	225.67	2	1	1	1	1	2	3743.2	2
1034	140.67	229.67	3	1	1	1	1	3	1527.5	3
1035	142	228.33	1	1	1	1	1	1	1061.4	1
1036	135.33	235.33	1	1	1	1	1	1	1845.1	1
1037	153.33	93	1	1	1	1	1	1	20521	1
1038	150	91.667	1	1	1	1	1	1	12593	1
1039	147.33	91	1	1	1	1	1	1	2235	1
1040	153	91	3	1	1	1	1	3	494.79	3
1041	147	97.667	1	1	1	1	1	1	26077	1
1042	145.33	95.667	1	1	1	1	1	1	18713	1
1043	149.33	95.667	1	1	1	1	1	1	10534	1
1044	153.67	103	1	1	1	1	1	1	8478	1
1045	151.67	95.667	1	1	1	1	1	1	637.58	1
1046	149	111	1	1	1	1	1	1	16003	1
1047	151.33	109.67	1	1	1	1	1	1	8183.4	1
1048	152.67	117.33	1	1	1	1	1	1	1.1498e+05	1
1049	148.33	118	2	1	1	1	1	2	33909	2
1050	154.33	119.67	1	1	1	1	1	1	22351	1
1051	145.33	122.67	2	1	1	1	1	2	16935	2
1052	154.67	122.67	1	1	1	1	1	1	13928	1
1053	147.33	120.67	2	1	1	1	1	2	12062	2
1054	150.67	118.67	1	1	1	1	1	1	11055	1
1055	147.33	124	2	1	1	1	1	2	5431	2
1056	145.67	119	2	1	1	1	1	2	4576.1	2
1057	150	121	3	1	1	1	1	3	4471.7	3
1058	150.67	123	1	1	1	1	1	1	2753.7	1
1059	151.33	126.33	2	1	1	1	1	2	49609	2
1060	154	125.33	1	1	1	1	1	1	41960	1
1061	147.33	133	1	1	1	1	1	1	18206	1
1062	147.67	127.33	1	1	1	1	1	1	14302	1
1063	149.33	130	1	1	1	1	1	1	10110	1
1064	145.33	127.33	1	1	1	1	1	1	1613.1	1
1065	151.67	139.33	1	1	1	1	1	1	51001	1
1066	149.67	137.67	2	1	1	1	1	2	36524	2
1067	153.67	142	2	1	1	1	1	2	19624	2
1068	146.67	137	2	1	1	1	1	2	12657	2
1069	153.33	144	3	1	1	1	1	3	5387.7	3
1070	149.33	140.33	1	1	1	1	1	1	2376.6	1
1071	149	135	3	1	1	1	1	3	676.94	3
1072	152.33	149	2	1	1	1	1	2	70206	2
1073	151.67	146	2	1	1	1	1	2	33317	2
1074	148	151.33	2	1	1	1	1	2	29618	2
1075	151.67	152	2	1	1	1	1	2	22818	2
1076	152.67	154.67	2	1	1	1	1	2	10130	2
1077	145.33	151.33	2	1	1	1	1	2	6119.2	2
1078	146.33	154	2	1	1	1	1	2	5762.2	2
1079	146.33	145	1	1	1	1	1	1	1200.2	1
1080	149	153.33	3	1	1	1	1	3	1093.1	3
1081	149.33	155.67	2	1	1	1	1	2	22767	2
1082	145.33	162	2	1	1	1	1	2	21579	2
1083	152.33	161	2	1	1	1	1	2	18146	2
1084	150	158.67	2	1	1	1	1	2	15634	2
1085	154.33	164.33	1	1	1	1	1	1	15426	1
1086	152.33	157.33	1	1	1	1	1	1	12902	1
1087	147	156.33	1	1	1	1	1	1	11059	1
1088	146.33	164.33	1	1	1	1	1	1	8095.7	1
1089	150.67	163.33	2	1	1	1	1	2	7079.1	2
1090	148.33	162.67	2	1	1	1	1	2	6009.3	2
1091	145.33	158	1	1	1	1	1	1	4214.8	1
1092	147.33	160.33	1	1	1	1	1	1	3159.4	1
1093	154.33	162	3	1	1	1	1	3	1816.5	3
1094	151.33	170	2	1	1	1	1	2	28022	2
1095	150.67	172.67	1	1	1	1	1	1	23418	1
1096	152	166	2	1	1	1	1	2	20941	2
1097	153.33	171.67	2	1	1	1	1	2	19696	2
1098	147.67	172.33	2	1	1	1	1	2	13266	2
1099	147.67	167.33	2	1	1	1	1	2	13151	2
1100	150.33	167.67	1	1	1	1	1	1	12785	1
1101	148.33	170	1	1	1	1	1	1	10342	1
1102	145.33	168.67	1	1	1	1	1	1	6726.9	1
1103	149.33	165.33	1	1	1	1	1	1	6554.2	1
1104	154.67	168.33	1	1	1	1	1	1	3908.4	1
1105	146.33	174.33	1	1	1	1	1	1	3067	1
1106	147.33	177.67	2	1	1	1	1	2	29928	2
1107	148.67	182.67	2	1	1	1	1	2	16942	2
1108	152	180	2	1	1	1	1	2	16680	2
1109	154.33	182	2	1	1	1	1	2	15558	2
1110	148.67	180	2	1	1	1	1	2	13677	2
1111	151	183	1	1	1	1	1	1	11429	1
1112	153.33	178	1	1	1	1	1	1	10318	1
1113	149.33	175.33	1	1	1	1	1	1	7125.1	1
1114	150.33	177.67	2	1	1	1	1	2	3246.6	2
1115	150.33	186	2	1	1	1	1	2	22886	2
1116	153.33	191.33	1	1	1	1	1	1	20485	1
1117	147.67	194.67	1	1	1	1	1	1	14712	1
1118	149.33	189	2	1	1	1	1	2	14007	2
1119	152.67	185.67	1	1	1	1	1	1	10317	1
1120	154	194	1	1	1	1	1	1	7828	1
1121	151.67	189.67	1	1	1	1	1	1	7746.5	1
1122	149.67	192.33	1	1	1	1	1	1	6300.2	1
1123	147	187.67	2	1	1	1	1	2	5368.1	2
1124	146.67	191.67	1	1	1	1	1	1	5034.7	1
1125	153.67	188	3	1	1	1	1	3	2625.8	3
1126	151.33	197.67	1	1	1	1	1	1	23935	1
1127	153.67	197	2	1	1	1	1	2	20992	2
1128	154.33	203	2	1	1	1	1	2	20178	2
1129	147.33	202	1	1	1	1	1	1	16564	1
1130	148.33	198	2	1	1	1	1	2	9007.1	2
1131	150.33	195	2	1	1	1	1	2	8615	2
1132	149.67	203.33	2	1	1	1	1	2	7111.2	2
1133	146	199	2	1	1	1	1	2	5357.9	2
1134	152.67	200.33	1	1	1	1	1	1	5041.7	1
1135	149	200.33	1	1	1	1	1	1	2205.6	1
1136	146.33	207.33	2	1	1	1	1	2	24948	2
1137	148.33	209	1	1	1	1	1	1	17890	1
1138	148.33	205.67	2	1	1	1	1	2	15591	2
1139	150.67	212.67	2	1	1	1	1	2	8670.9	2
1140	154	205.67	1	1	1	1	1	1	6128.8	1
1141	154.67	210.67	2	1	1	1	1	2	5448.2	2
1142	154	214.33	1	1	1	1	1	1	3047.8	1
1143	151.33	205.33	1	1	1	1	1	1	2400.9	1
1144	150.67	208.33	1	1	1	1	1	1	2319.9	1
1145	146	219	2	1	1	1	1	2	32535	2
1146	149.33	218	1	1	1	1	1	1	13760	1
1147	149.67	224.33	1	1	1	1	1	1	13285	1
1148	148.67	221.33	2	1	1	1	1	2	9563.5	2
1149	145.33	221.33	2	1	1	1	1	2	7557.9	2
1150	146.33	216	2	1	1	1	1	2	5649.3	2
1151	148.67	215.67	2	1	1	1	1	2	3565.4	2
1152	152.33	220	1	1	1	1	1	1	2821.7	1
1153	151.67	215.33	2	1	1	1	1	2	2645.4	2
1154	151.67	226	1	1	1	1	1	1	21421	1
1155	149	227	1	1	1	1	1	1	18727	1
1156	145.33	227.67	1	1	1	1	1	1	12054	1
1157	147.33	225	2	1	1	1	1	2	6439.8	2
1158	147.33	233.67	1	1	1	1	1	1	2990.9	1
1159	149.67	233.33	2	1	1	1	1	2	625.15	2
1160	146.67	229.67	2	1	1	1	1	2	443.46	2
1161	153	235.67	2	1	1	1	1	2	1122.1	2
1162	156.67	65	3	1	1	1	1	3	374.61	3
1163	163.67	93	2	1	1	1	1	2	10213	2
1164	160.33	89.333	1	1	1	1	1	1	10183	1
1165	157.67	90	1	1	1	1	1	1	9599.1	1
1166	160.33	92	1	1	1	1	1	1	6502.9	1
1167	156.33	93	2	1	1	1	1	2	6236.9	2
1168	155	90.667	2	1	1	1	1	2	5834	2
1169	161.33	94	3	1	1	1	1	3	1418.5	3
1170	158.33	94.333	1	1	1	1	1	1	989.48	1
1171	162.33	113.33	2	1	1	1	1	2	44304	2
1172	162.67	107.33	1	1	1	1	1	1	1004.7	1
1173	163.33	110	2	1	1	1	1	2	512.97	2
1174	161.67	116	1	1	1	1	1	1	61148	1
1175	158.67	117.67	2	1	1	1	1	2	43543	2
1176	157.33	121.67	2	1	1	1	1	2	36278	2
1177	163.33	120	2	1	1	1	1	2	31855	2
1178	156.67	119.33	1	1	1	1	1	1	13971	1
1179	158.33	115	1	1	1	1	1	1	10946	1
1180	161.67	122.67	1	1	1	1	1	1	9877.8	1
1181	164.67	122.67	1	1	1	1	1	1	7438.5	1
1182	164	116	3	1	1	1	1	3	7297.8	3
1183	159.67	121.33	1	1	1	1	1	1	3449.2	1
1184	156.67	132.33	1	1	1	1	1	1	49522	1
1185	156.67	125	1	1	1	1	1	1	20903	1
1186	158.67	131	1	1	1	1	1	1	19025	1
1187	164.67	125.33	2	1	1	1	1	2	15018	2
1188	161.67	125.67	1	1	1	1	1	1	11705	1
1189	160.33	134.33	1	1	1	1	1	1	6787.6	1
1190	159.67	126.67	3	1	1	1	1	3	3059.3	3
1191	156.67	134.67	3	1	1	1	1	3	1296	3
1192	160	143.67	1	1	1	1	1	1	65398	1
1193	164	144	1	1	1	1	1	1	60852	1
1194	162.67	135	1	1	1	1	1	1	54131	1
1195	157.33	142.33	1	1	1	1	1	1	23069	1
1196	157.67	138.67	1	1	1	1	1	1	15796	1
1197	155.67	140.67	1	1	1	1	1	1	4319	1
1198	164.67	141.67	1	1	1	1	1	1	3525.4	1
1199	155.67	144.33	2	1	1	1	1	2	2981.1	2
1200	160.67	147	1	1	1	1	1	1	18594	1
1201	163	147.33	2	1	1	1	1	2	7869.3	2
1202	158	147	2	1	1	1	1	2	6033.1	2
1203	158	150.33	1	1	1	1	1	1	4500.8	1
1204	163.33	150	1	1	1	1	1	1	3486.4	1
1205	162.67	153.67	2	1	1	1	1	2	3308.6	2
1206	160.67	151.33	1	1	1	1	1	1	3105.2	1
1207	155.33	152.33	2	1	1	1	1	2	2502.3	2
1208	155.33	149.33	1	1	1	1	1	1	2014.4	1
1209	157.67	153	1	1	1	1	1	1	1344.8	1
1210	160	154.67	2	1	1	1	1	2	1047.8	2
1211	159.67	149	3	1	1	1	1	3	618.79	3
1212	159.33	164	1	1	1	1	1	1	16322	1
1213	160	158.33	1	1	1	1	1	1	14665	1
1214	157.33	162.33	2	1	1	1	1	2	13868	2
1215	162.33	161	2	1	1	1	1	2	12185	2
1216	163	158.67	2	1	1	1	1	2	10478	2
1217	157.33	155.33	1	1	1	1	1	1	9968.6	1
1218	159	160.67	1	1	1	1	1	1	9245.7	1
1219	164.67	164.67	1	1	1	1	1	1	7311.1	1
1220	162.33	164.33	2	1	1	1	1	2	4887.1	2
1221	155	156.33	1	1	1	1	1	1	3773.2	1
1222	155.33	159.33	1	1	1	1	1	1	2887.9	1
1223	164.33	161	3	1	1	1	1	3	1932.5	3
1224	162.33	156.33	2	1	1	1	1	2	1817.9	2
1225	157.33	158	2	1	1	1	1	2	1610.4	2
1226	160.67	168	2	1	1	1	1	2	22318	2
1227	163.33	167.67	1	1	1	1	1	1	15759	1
1228	160.33	172.67	2	1	1	1	1	2	14870	2
1229	156.33	172.67	1	1	1	1	1	1	11690	1
1230	156.67	165.67	1	1	1	1	1	1	11177	1
1231	163.67	170	2	1	1	1	1	2	10733	2
1232	162.67	172.67	2	1	1	1	1	2	10228	2
1233	156.67	170	2	1	1	1	1	2	9606.9	2
1234	158.33	167.33	1	1	1	1	1	1	7321.7	1
1235	159.33	170.33	1	1	1	1	1	1	5953	1
1236	161.33	174.33	3	1	1	1	1	3	948.3	3
1237	159.33	182	1	1	1	1	1	1	38255	1
1238	159.67	179	2	1	1	1	1	2	29120	2
1239	162.67	177.33	2	1	1	1	1	2	17842	2
1240	156.67	178.67	1	1	1	1	1	1	13123	1
1241	162.33	183.33	2	1	1	1	1	2	10951	2
1242	158	176	2	1	1	1	1	2	9479.4	2
1243	163.67	175	1	1	1	1	1	1	7746.3	1
1244	156.33	183.33	2	1	1	1	1	2	6871.3	2
1245	162.33	180.33	1	1	1	1	1	1	2626.3	1
1246	157.67	180.33	3	1	1	1	1	3	474.45	3
1247	158.67	193	1	1	1	1	1	1	20071	1
1248	157.33	186.33	2	1	1	1	1	2	18008	2
1249	155.67	188.33	1	1	1	1	1	1	17468	1
1250	162.67	194	1	1	1	1	1	1	11400	1
1251	160	186.33	1	1	1	1	1	1	11128	1
1252	156	191.67	2	1	1	1	1	2	11009	2
1253	163	191.33	2	1	1	1	1	2	7058.2	2
1254	163.33	185.67	2	1	1	1	1	2	4507.2	2
1255	162	189	1	1	1	1	1	1	3755.5	1
1256	159	189.33	2	1	1	1	1	2	1681.4	2
1257	160.33	192	3	1	1	1	1	3	757.01	3
1258	156.33	195.33	1	1	1	1	1	1	16805	1
1259	157.67	201	2	1	1	1	1	2	15547	2
1260	162.67	197.33	2	1	1	1	1	2	10855	2
1261	156.33	204.67	1	1	1	1	1	1	9619.9	1
1262	164.67	199	1	1	1	1	1	1	8345.5	1
1263	158.67	203.67	1	1	1	1	1	1	5454.7	1
1264	159	195.67	1	1	1	1	1	1	5318.2	1
1265	160.33	198	2	1	1	1	1	2	4836.5	2
1266	157.33	198.33	1	1	1	1	1	1	4128.2	1
1267	161.67	200.67	1	1	1	1	1	1	3941.5	1
1268	163.33	202.67	2	1	1	1	1	2	3316.4	2
1269	161	204.33	1	1	1	1	1	1	2744	1
1270	159.67	202	3	1	1	1	1	3	1497.2	3
1271	155	199.33	2	1	1	1	1	2	1006	2
1272	157.67	207.33	1	1	1	1	1	1	8420	1
1273	162.67	210.67	1	1	1	1	1	1	8020.8	1
1274	163.33	208.33	1	1	1	1	1	1	6825.2	1
1275	160	207.67	2	1	1	1	1	2	5349.5	2
1276	160.67	214.33	1	1	1	1	1	1	3797.2	1
1277	160.67	212	1	1	1	1	1	1	2750.6	1
1278	158.33	213.33	1	1	1	1	1	1	1919.7	1
1279	158.67	210.33	1	1	1	1	1	1	1295.7	1
1280	163	213.67	1	1	1	1	1	1	972.64	1
1281	156	213	1	1	1	1	1	1	572.79	1
1282	163.67	221.67	1	1	1	1	1	1	16745	1
1283	157.33	219.33	1	1	1	1	1	1	8123.2	1
1284	159.67	216.67	1	1	1	1	1	1	7925.7	1
1285	159.67	222.67	1	1	1	1	1	1	6479.2	1
1286	155.33	218	3	1	1	1	1	3	1683.3	3
1287	155.33	224	2	1	1	1	1	2	947.9	2
1288	161.67	222.33	3	1	1	1	1	3	785.76	3
1289	162	216.33	1	1	1	1	1	1	702.12	1
1290	164.67	225	1	1	1	1	1	1	44757	1
1291	155.33	231.33	2	1	1	1	1	2	25033	2
1292	160.67	230.67	1	1	1	1	1	1	17052	1
1293	162.67	227.67	2	1	1	1	1	2	15562	2
1294	158.67	232	2	1	1	1	1	2	9111.3	2
1295	157.33	229.33	2	1	1	1	1	2	5682.2	2
1296	159	227.67	2	1	1	1	1	2	3810.9	2
1297	160.33	225.33	2	1	1	1	1	2	1200	2
1298	157.67	234.33	1	1	1	1	1	1	836.84	1
1299	155.33	235	2	1	1	1	1	2	3590.3	2
1300	171	85	3	1	1	1	1	3	649.21	3
1301	173.67	90.667	1	1	1	1	1	1	600.44	1
1302	174	98.667	3	1	1	1	1	3	3863.6	3
1303	167.33	107	1	1	1	1	1	1	2.609e+05	1
1304	165	108.33	1	1	1	1	1	1	1.527e+05	1
1305	171.33	113.33	2	1	1	1	1	2	1.0226e+05	2
1306	168.33	113	2	1	1	1	1	2	59516	2
1307	165.67	114	2	1	1	1	1	2	35719	2
1308	168.67	110.67	2	1	1	1	1	2	23272	2
1309	174	110.67	3	1	1	1	1	3	7867.2	3
1310	171.33	111	1	1	1	1	1	1	7044.7	1
1311	169.67	114.33	3	1	1	1	1	3	614.43	3
1312	174.67	116	2	1	1	1	1	2	71226	2
1313	168	119	2	1	1	1	1	2	68064	2
1314	169.33	116.33	2	1	1	1	1	2	48419	2
1315	166.67	116.33	2	1	1	1	1	2	45072	2
1316	172.33	118	2	1	1	1	1	2	40626	2
1317	173.67	121.67	1	1	1	1	1	1	38863	1
1318	168.33	122.67	2	1	1	1	1	2	25971	2
1319	171.33	121.33	2	1	1	1	1	2	21616	2
1320	170.67	123.67	3	1	1	1	1	3	3006.1	3
1321	171	129	1	1	1	1	1	1	28879	1
1322	170	126.33	2	1	1	1	1	2	23616	2
1323	172.67	132	1	1	1	1	1	1	10639	1
1324	165.67	128	2	1	1	1	1	2	8680.1	2
1325	170.33	132.33	1	1	1	1	1	1	510.39	1
1326	169.33	142.67	1	1	1	1	1	1	35407	1
1327	167.33	140	1	1	1	1	1	1	28434	1
1328	170.67	135	2	1	1	1	1	2	27660	2
1329	174	135.33	1	1	1	1	1	1	17367	1
1330	171.33	144.67	1	1	1	1	1	1	15098	1
1331	167	144	1	1	1	1	1	1	14516	1
1332	173.33	139	1	1	1	1	1	1	5355	1
1333	171.33	141.33	1	1	1	1	1	1	753.31	1
1334	169.33	138.67	1	1	1	1	1	1	492.26	1
1335	171.67	137.67	3	1	1	1	1	3	376.11	3
1336	173.33	146.67	2	1	1	1	1	2	18938	2
1337	168.33	153.33	2	1	1	1	1	2	16874	2
1338	166	152	1	1	1	1	1	1	11934	1
1339	172.33	149	1	1	1	1	1	1	9561.8	1
1340	172.67	154.67	1	1	1	1	1	1	9414.8	1
1341	168	149.67	2	1	1	1	1	2	6797.4	2
1342	165.67	146.67	2	1	1	1	1	2	5987.4	2
1343	170.33	151.67	2	1	1	1	1	2	3735.6	2
1344	168.67	147	1	1	1	1	1	1	2374.5	1
1345	165.67	149	1	1	1	1	1	1	2288.5	1
1346	173.67	152.33	2	1	1	1	1	2	1896	2
1347	170.67	148	3	1	1	1	1	3	378.14	3
1348	170	155.67	1	1	1	1	1	1	14732	1
1349	166	162.67	1	1	1	1	1	1	12032	1
1350	170.33	163	1	1	1	1	1	1	10935	1
1351	171.33	158	1	1	1	1	1	1	7481.2	1
1352	165	156	1	1	1	1	1	1	7209.5	1
1353	165.67	158.67	2	1	1	1	1	2	6150.4	2
1354	171.33	160.67	1	1	1	1	1	1	5783.6	1
1355	168.33	160	1	1	1	1	1	1	5339.1	1
1356	168	157	1	1	1	1	1	1	4805.9	1
1357	174.33	162.67	1	1	1	1	1	1	2643	1
1358	167.67	165	2	1	1	1	1	2	35024	2
1359	173	167.67	1	1	1	1	1	1	31367	1
1360	168	170.67	2	1	1	1	1	2	14761	2
1361	173	173.33	1	1	1	1	1	1	13830	1
1362	169.33	174	1	1	1	1	1	1	13738	1
1363	170.67	165.33	1	1	1	1	1	1	12759	1
1364	166.33	168	1	1	1	1	1	1	12697	1
1365	174	170.33	2	1	1	1	1	2	10369	2
1366	174.67	165.67	2	1	1	1	1	2	7764.8	2
1367	165.67	171.33	1	1	1	1	1	1	6691.1	1
1368	169.33	168	1	1	1	1	1	1	6318	1
1369	166.33	174	1	1	1	1	1	1	6262.6	1
1370	170.67	172	1	1	1	1	1	1	5954.7	1
1371	171	169.33	3	1	1	1	1	3	2008	3
1372	169.33	177	1	1	1	1	1	1	39022	1
1373	174.67	180	1	1	1	1	1	1	33223	1
1374	168.33	184.67	2	1	1	1	1	2	19874	2
1375	174.33	176.67	1	1	1	1	1	1	15955	1
1376	165.67	179.67	1	1	1	1	1	1	14402	1
1377	169.67	181	1	1	1	1	1	1	12339	1
1378	171.33	184	2	1	1	1	1	2	11735	2
1379	166	182.67	2	1	1	1	1	2	11639	2
1380	172	176.33	1	1	1	1	1	1	10533	1
1381	172.33	181.67	1	1	1	1	1	1	8657.8	1
1382	166.33	177	2	1	1	1	1	2	4796.2	2
1383	168.33	178.67	3	1	1	1	1	3	2205.7	3
1384	173.67	183	3	1	1	1	1	3	1245.2	3
1385	168.67	187.67	2	1	1	1	1	2	20580	2
1386	165.33	190	2	1	1	1	1	2	18870	2
1387	169	193.67	2	1	1	1	1	2	17897	2
1388	172.33	194.33	1	1	1	1	1	1	15211	1
1389	166.33	186.67	1	1	1	1	1	1	12150	1
1390	171.67	187.33	2	1	1	1	1	2	11936	2
1391	172.67	191	2	1	1	1	1	2	11234	2
1392	169.67	190.33	2	1	1	1	1	2	11111	2
1393	165.33	194	1	1	1	1	1	1	8269.6	1
1394	174.33	185.67	1	1	1	1	1	1	4353.4	1
1395	174.33	188.33	1	1	1	1	1	1	3411.9	1
1396	171.33	199	1	1	1	1	1	1	22654	1
1397	173.67	204	2	1	1	1	1	2	20212	2
1398	174.67	197.33	1	1	1	1	1	1	17519	1
1399	166.33	196.67	1	1	1	1	1	1	12747	1
1400	173.67	201	2	1	1	1	1	2	11045	2
1401	165.67	201.67	2	1	1	1	1	2	10837	2
1402	167.33	200	1	1	1	1	1	1	9110.3	1
1403	169.67	196.67	1	1	1	1	1	1	8221.6	1
1404	168.33	202.33	3	1	1	1	1	3	823.05	3
1405	174.67	209	1	1	1	1	1	1	32453	1
1406	171.67	209.33	1	1	1	1	1	1	18453	1
1407	165.67	210.33	2	1	1	1	1	2	18197	2
1408	168.33	210.33	2	1	1	1	1	2	10712	2
1409	172.67	214.33	1	1	1	1	1	1	9506.9	1
1410	174.67	206.33	2	1	1	1	1	2	7339.5	2
1411	165.67	207.67	1	1	1	1	1	1	6114.7	1
1412	169	212.67	3	1	1	1	1	3	5330	3
1413	171.33	206.33	2	1	1	1	1	2	2941.9	2
1414	169	207.67	2	1	1	1	1	2	1829.5	2
1415	166.33	205.33	1	1	1	1	1	1	1513.3	1
1416	166.67	220	1	1	1	1	1	1	75162	1
1417	166.33	232.67	2	1	1	1	1	2	2952	2
1418	169.67	234.33	2	1	1	1	1	2	1959.8	2
1419	169	237.67	2	1	1	1	1	2	2035	2
1420	172.67	237.67	1	1	1	1	1	1	1485	1
1421	166	235.33	1	1	1	1	1	1	1129.5	1
1422	174.67	240.33	1	1	1	1	1	1	586.88	1
1423	168.67	241.33	2	1	1	1	1	2	413.08	2
1424	179.67	90	3	1	1	1	1	3	4515.1	3
1425	183.67	89.667	1	1	1	1	1	1	614.32	1
1426	183.67	85.333	1	1	1	1	1	1	445.47	1
1427	179.33	87	1	1	1	1	1	1	437.78	1
1428	183.33	103.67	1	1	1	1	1	1	2585.3	1
1429	179	103.67	3	1	1	1	1	3	1526.1	3
1430	180.33	95.333	1	1	1	1	1	1	1430.5	1
1431	177	103.33	2	1	1	1	1	2	1103	2
1432	178.67	105.67	2	1	1	1	1	2	42224	2
1433	180.33	114.33	1	1	1	1	1	1	37086	1
1434	180	108	2	1	1	1	1	2	35003	2
1435	182.33	110	1	1	1	1	1	1	33834	1
1436	177.67	109.67	2	1	1	1	1	2	30050	2
1437	182.33	112.33	2	1	1	1	1	2	28603	2
1438	179.67	111.33	2	1	1	1	1	2	18008	2
1439	181.67	105.33	2	1	1	1	1	2	15079	2
1440	176.33	106.67	2	1	1	1	1	2	11125	2
1441	184.33	114.33	2	1	1	1	1	2	6016.6	2
1442	176.33	120.67	2	1	1	1	1	2	49756	2
1443	182.67	116	1	1	1	1	1	1	41638	1
1444	176.33	123	2	1	1	1	1	2	19857	2
1445	182.33	120	1	1	1	1	1	1	18623	1
1446	183.33	122.67	1	1	1	1	1	1	13941	1
1447	176.67	116	3	1	1	1	1	3	5752.9	3
1448	179.33	120.67	1	1	1	1	1	1	3286.4	1
1449	176.67	128.67	1	1	1	1	1	1	1.1596e+05	1
1450	177.67	134	1	1	1	1	1	1	19800	1
1451	178.67	130.67	2	1	1	1	1	2	15513	2
1452	179	127.33	3	1	1	1	1	3	844.46	3
1453	184	133.33	3	1	1	1	1	3	798.24	3
1454	176.33	137.33	1	1	1	1	1	1	60167	1
1455	175.67	141.33	2	1	1	1	1	2	37943	2
1456	183.33	136.33	1	1	1	1	1	1	26121	1
1457	175	144	2	1	1	1	1	2	22707	2
1458	177.67	143	1	1	1	1	1	1	15905	1
1459	182.67	143.33	2	1	1	1	1	2	14274	2
1460	179.67	140.67	1	1	1	1	1	1	4796.1	1
1461	180.67	143.67	3	1	1	1	1	3	2249.6	3
1462	184	154.67	2	1	1	1	1	2	18157	2
1463	180.33	154	2	1	1	1	1	2	15607	2
1464	179.67	146	2	1	1	1	1	2	12936	2
1465	183.67	146.67	2	1	1	1	1	2	10606	2
1466	182.67	151.33	1	1	1	1	1	1	9188.9	1
1467	180.67	149	2	1	1	1	1	2	8608.5	2
1468	184.33	149	1	1	1	1	1	1	7302.4	1
1469	176.67	146.33	1	1	1	1	1	1	5097.4	1
1470	176.33	153.67	1	1	1	1	1	1	4709.7	1
1471	178.67	151.67	1	1	1	1	1	1	3281.8	1
1472	178	148.33	1	1	1	1	1	1	2744.6	1
1473	175	150	2	1	1	1	1	2	1843.3	2
1474	182.67	164.33	2	1	1	1	1	2	28670	2
1475	182	160	2	1	1	1	1	2	20590	2
1476	180.33	163.67	1	1	1	1	1	1	14854	1
1477	181.67	156.67	2	1	1	1	1	2	11044	2
1478	177.33	164	1	1	1	1	1	1	10169	1
1479	177.67	161.33	1	1	1	1	1	1	8413.6	1
1480	179.33	159	1	1	1	1	1	1	6022.7	1
1481	176.33	157.67	1	1	1	1	1	1	3487.6	1
1482	175	159.67	1	1	1	1	1	1	2941.6	1
1483	178.67	155.67	1	1	1	1	1	1	2094.8	1
1484	181.67	162	3	1	1	1	1	3	2075.2	3
1485	184.33	161.33	1	1	1	1	1	1	1452.5	1
1486	175.67	168.67	1	1	1	1	1	1	29615	1
1487	175.33	174	1	1	1	1	1	1	22491	1
1488	178.33	170	2	1	1	1	1	2	19870	2
1489	182.33	172.67	1	1	1	1	1	1	16445	1
1490	182	168	1	1	1	1	1	1	15422	1
1491	177.33	172.33	1	1	1	1	1	1	14521	1
1492	184.67	167	2	1	1	1	1	2	11613	2
1493	179.67	172.33	2	1	1	1	1	2	5941.8	2
1494	177.67	167	1	1	1	1	1	1	5377	1
1495	180	166.67	1	1	1	1	1	1	2315.7	1
1496	181	169.67	3	1	1	1	1	3	2249.6	3
1497	176.67	184.33	1	1	1	1	1	1	22380	1
1498	177	181.33	1	1	1	1	1	1	13541	1
1499	184	183.67	1	1	1	1	1	1	13445	1
1500	179.67	179.67	1	1	1	1	1	1	13099	1
1501	183.33	176	1	1	1	1	1	1	11871	1
1502	178.33	175	1	1	1	1	1	1	11392	1
1503	184.33	178.67	1	1	1	1	1	1	10690	1
1504	181	175.33	2	1	1	1	1	2	9837.5	2
1505	179.67	183.33	1	1	1	1	1	1	8521.5	1
1506	181.67	182	1	1	1	1	1	1	7143.5	1
1507	177	178	1	1	1	1	1	1	6039.9	1
1508	181.67	177.67	3	1	1	1	1	3	1235.2	3
1509	177	191.33	2	1	1	1	1	2	26367	2
1510	180	189.67	2	1	1	1	1	2	23682	2
1511	175.67	193.33	2	1	1	1	1	2	20765	2
1512	182.67	185.67	1	1	1	1	1	1	18552	1
1513	182.67	193.33	1	1	1	1	1	1	11960	1
1514	177.67	188	2	1	1	1	1	2	10613	2
1515	180.33	186.33	2	1	1	1	1	2	10475	2
1516	180.33	192.67	1	1	1	1	1	1	7552.1	1
1517	184	191	2	1	1	1	1	2	7418.6	2
1518	183	188	3	1	1	1	1	3	3990.2	3
1519	176.67	201.33	1	1	1	1	1	1	28953	1
1520	182	196.33	2	1	1	1	1	2	28494	2
1521	182	204.33	2	1	1	1	1	2	24877	2
1522	176.67	196	2	1	1	1	1	2	18185	2
1523	183.33	202.33	1	1	1	1	1	1	12310	1
1524	180.33	201.33	1	1	1	1	1	1	11027	1
1525	182.33	199.33	1	1	1	1	1	1	10768	1
1526	177.67	199	1	1	1	1	1	1	8855.5	1
1527	179.33	196.67	1	1	1	1	1	1	6529.5	1
1528	176	204.33	2	1	1	1	1	2	4975.3	2
1529	184.67	196.67	3	1	1	1	1	3	2420.2	3
1530	179.33	203.67	3	1	1	1	1	3	498.13	3
1531	183.33	209.67	1	1	1	1	1	1	51668	1
1532	177	210	1	1	1	1	1	1	45999	1
1533	180	206.67	2	1	1	1	1	2	31086	2
1534	182.67	207	2	1	1	1	1	2	19486	2
1535	177.67	207.67	1	1	1	1	1	1	19389	1
1536	175.33	214.33	1	1	1	1	1	1	6790.2	1
1537	175.33	211.67	2	1	1	1	1	2	718.46	2
1538	180.33	218	2	1	1	1	1	2	41345	2
1539	178	216.67	3	1	1	1	1	3	707.14	3
1540	182.67	216.67	1	1	1	1	1	1	396.37	1
1541	180.33	236	1	1	1	1	1	1	843.68	1
1542	188.33	51.333	3	1	1	1	1	3	383.12	3
1543	189.67	104.67	1	1	1	1	1	1	3464.5	1
1544	188	103	1	1	1	1	1	1	2060.9	1
1545	193.33	103.33	1	1	1	1	1	1	910.7	1
1546	191.67	112.67	1	1	1	1	1	1	24794	1
1547	188	113.67	2	1	1	1	1	2	23808	2
1548	186.67	108.33	1	1	1	1	1	1	15323	1
1549	185.67	111.33	2	1	1	1	1	2	12047	2
1550	189	107.67	2	1	1	1	1	2	9766.8	2
1551	193.33	111	2	1	1	1	1	2	8151.1	2
1552	186	106	3	1	1	1	1	3	4381.5	3
1553	193.67	115.67	2	1	1	1	1	2	41434	2
1554	185.67	118.33	1	1	1	1	1	1	41243	1
1555	191.67	118.33	1	1	1	1	1	1	10465	1
1556	194.67	122.67	3	1	1	1	1	3	7237.7	3
1557	188.33	117.67	2	1	1	1	1	2	6555.8	2
1558	186	116.33	3	1	1	1	1	3	4063.4	3
1559	191.67	129.33	2	1	1	1	1	2	30546	2
1560	188.67	133.67	1	1	1	1	1	1	29368	1
1561	185.33	132	2	1	1	1	1	2	18682	2
1562	194.33	129	1	1	1	1	1	1	11233	1
1563	188	130.67	2	1	1	1	1	2	7867.2	2
1564	192.33	132	2	1	1	1	1	2	6928.5	2
1565	194.33	144.33	1	1	1	1	1	1	22651	1
1566	194.33	139.67	1	1	1	1	1	1	21248	1
1567	185.67	140	2	1	1	1	1	2	18098	2
1568	191.67	139.33	2	1	1	1	1	2	15785	2
1569	193.67	136	1	1	1	1	1	1	13802	1
1570	189.33	139.67	2	1	1	1	1	2	10865	2
1571	186.67	135	2	1	1	1	1	2	9026.2	2
1572	188.33	137	1	1	1	1	1	1	8605.6	1
1573	185.33	143.33	2	1	1	1	1	2	6302.1	2
1574	190.67	142.67	2	1	1	1	1	2	2744.3	2
1575	192.33	151.33	2	1	1	1	1	2	44734	2
1576	186.67	146.67	1	1	1	1	1	1	41580	1
1577	187.33	149.67	1	1	1	1	1	1	27398	1
1578	186.67	153.33	2	1	1	1	1	2	16857	2
1579	189.67	152	1	1	1	1	1	1	9532	1
1580	190.67	154.67	2	1	1	1	1	2	9249.5	2
1581	189.67	149	1	1	1	1	1	1	9209.8	1
1582	194	153.33	1	1	1	1	1	1	6212	1
1583	190.33	146	2	1	1	1	1	2	6094.9	2
1584	194.33	149.33	1	1	1	1	1	1	2967.2	1
1585	185.67	151	3	1	1	1	1	3	2092.5	3
1586	192.67	147.67	2	1	1	1	1	2	727.68	2
1587	186	156.67	2	1	1	1	1	2	24447	2
1588	192.33	159	2	1	1	1	1	2	24039	2
1589	188.33	160.67	2	1	1	1	1	2	19394	2
1590	186.33	163.67	1	1	1	1	1	1	18297	1
1591	185.33	159	1	1	1	1	1	1	15859	1
1592	194.33	161.67	2	1	1	1	1	2	15752	2
1593	189.67	164.33	2	1	1	1	1	2	14948	2
1594	193.33	156.33	2	1	1	1	1	2	11497	2
1595	191.67	163	1	1	1	1	1	1	9416.4	1
1596	189	157.67	1	1	1	1	1	1	8877.1	1
1597	188	155.33	1	1	1	1	1	1	5573.2	1
1598	190.33	161	3	1	1	1	1	3	614.15	3
1599	187	172.33	1	1	1	1	1	1	40354	1
1600	193.33	171	1	1	1	1	1	1	24631	1
1601	193.67	165.33	2	1	1	1	1	2	22506	2
1602	190.33	171.33	1	1	1	1	1	1	21443	1
1603	192.33	168.33	2	1	1	1	1	2	15587	2
1604	192.67	174.33	1	1	1	1	1	1	13386	1
1605	187.33	167.33	2	1	1	1	1	2	10181	2
1606	185.33	170.33	2	1	1	1	1	2	9842.8	2
1607	185	173.67	2	1	1	1	1	2	9584.8	2
1608	189.67	168	1	1	1	1	1	1	7045.1	1
1609	189.67	174.33	3	1	1	1	1	3	2444	3
1610	193.33	181.33	1	1	1	1	1	1	19212	1
1611	186.67	175.67	2	1	1	1	1	2	13817	2
1612	192.33	177	2	1	1	1	1	2	11525	2
1613	189	182.67	2	1	1	1	1	2	10140	2
1614	187.33	180.67	1	1	1	1	1	1	8008	1
1615	190.33	180	1	1	1	1	1	1	7580.5	1
1616	194.67	178.67	2	1	1	1	1	2	5433.4	2
1617	192	183.67	2	1	1	1	1	2	1555.4	2
1618	189.67	192.33	2	1	1	1	1	2	22561	2
1619	194.33	187.33	1	1	1	1	1	1	21731	1
1620	192.67	191	2	1	1	1	1	2	20705	2
1621	192.67	194	2	1	1	1	1	2	16985	2
1622	189	187	1	1	1	1	1	1	14794	1
1623	187.67	189.67	1	1	1	1	1	1	10415	1
1624	191.33	187	2	1	1	1	1	2	10099	2
1625	186.67	185.33	1	1	1	1	1	1	7612.9	1
1626	185	187.67	2	1	1	1	1	2	7455.4	2
1627	189.67	189.33	3	1	1	1	1	3	4059.9	3
1628	187.33	192.67	2	1	1	1	1	2	2536.6	2
1629	190.33	199.33	1	1	1	1	1	1	35912	1
1630	188	200.33	2	1	1	1	1	2	33856	2
1631	193.67	197.67	1	1	1	1	1	1	16060	1
1632	186.67	198.33	2	1	1	1	1	2	12720	2
1633	191	202	1	1	1	1	1	1	5962.7	1
1634	191	196.33	2	1	1	1	1	2	5102.4	2
1635	185.67	195	2	1	1	1	1	2	4287.1	2
1636	188.67	195.67	1	1	1	1	1	1	2927.7	1
1637	193	205	1	1	1	1	1	1	28097	1
1638	187.33	205	2	1	1	1	1	2	26793	2
1639	189.33	210.67	2	1	1	1	1	2	22492	2
1640	188	207.67	1	1	1	1	1	1	16444	1
1641	185	205.33	1	1	1	1	1	1	6291.4	1
1642	194.33	208	2	1	1	1	1	2	2089.7	2
1643	193.67	223.33	1	1	1	1	1	1	621.34	1
1644	185.67	232.67	1	1	1	1	1	1	2307.2	1
1645	195.67	102.67	3	1	1	1	1	3	5086.2	3
1646	198.33	103.33	2	1	1	1	1	2	2306.3	2
1647	202	111	2	1	1	1	1	2	33790	2
1648	196.67	112	1	1	1	1	1	1	25010	1
1649	203	114	2	1	1	1	1	2	17019	2
1650	195.67	109	1	1	1	1	1	1	6278.2	1
1651	203.33	109	2	1	1	1	1	2	5822.9	2
1652	203.67	123.67	1	1	1	1	1	1	29589	1
1653	201.67	122.33	1	1	1	1	1	1	14881	1
1654	198	124.67	2	1	1	1	1	2	13075	2
1655	196	117.67	2	1	1	1	1	2	12515	2
1656	203	117	3	1	1	1	1	3	5046.4	3
1657	204.33	134.33	2	1	1	1	1	2	15533	2
1658	202.67	126.67	1	1	1	1	1	1	9436.7	1
1659	202.67	130	1	1	1	1	1	1	8723.8	1
1660	198.67	131.33	2	1	1	1	1	2	5085.1	2
1661	200.33	128.67	1	1	1	1	1	1	2164.4	1
1662	199.33	140.67	1	1	1	1	1	1	40474	1
1663	198.33	138	1	1	1	1	1	1	30774	1
1664	204.67	138	1	1	1	1	1	1	24777	1
1665	203.33	140.67	2	1	1	1	1	2	15141	2
1666	201.67	142.67	1	1	1	1	1	1	12262	1
1667	198.33	143	1	1	1	1	1	1	11015	1
1668	204.67	143.33	2	1	1	1	1	2	9298.6	2
1669	199.33	135	2	1	1	1	1	2	7333.8	2
1670	201.33	138.67	1	1	1	1	1	1	5363	1
1671	202.33	135.67	1	1	1	1	1	1	4315.8	1
1672	196.67	135	2	1	1	1	1	2	3054	2
1673	196.67	140	3	1	1	1	1	3	1768.4	3
1674	199.67	148	2	1	1	1	1	2	35679	2
1675	200	145.33	2	1	1	1	1	2	17671	2
1676	203.67	149.33	1	1	1	1	1	1	17134	1
1677	199.33	153	1	1	1	1	1	1	13280	1
1678	204.67	153.67	1	1	1	1	1	1	12724	1
1679	196.67	154.33	2	1	1	1	1	2	9495	2
1680	197	151	1	1	1	1	1	1	3352.5	1
1681	201	150	3	1	1	1	1	3	1776.4	3
1682	203.33	146.67	2	1	1	1	1	2	1686.6	2
1683	197	146	1	1	1	1	1	1	905.63	1
1684	201.67	163	2	1	1	1	1	2	18471	2
1685	203	156.33	1	1	1	1	1	1	16815	1
1686	195.33	158.67	1	1	1	1	1	1	13116	1
1687	200.33	158	2	1	1	1	1	2	9960.1	2
1688	204.67	161.67	2	1	1	1	1	2	8340.9	2
1689	203.33	158.67	2	1	1	1	1	2	7072.7	2
1690	200.67	160.67	2	1	1	1	1	2	5500.6	2
1691	198.33	162.33	2	1	1	1	1	2	2889.8	2
1692	198.33	160	1	1	1	1	1	1	2638.6	1
1693	198	156.67	3	1	1	1	1	3	665.27	3
1694	202.33	173.33	2	1	1	1	1	2	12329	2
1695	195.67	172	1	1	1	1	1	1	11247	1
1696	195	174.33	1	1	1	1	1	1	9360.4	1
1697	200.67	165.33	2	1	1	1	1	2	7461.7	2
1698	195.33	168.33	2	1	1	1	1	2	7385.2	2
1699	197	165.67	2	1	1	1	1	2	7347.8	2
1700	198.33	174.33	2	1	1	1	1	2	7179.2	2
1701	199	171.33	1	1	1	1	1	1	7092	1
1702	200.67	174.33	3	1	1	1	1	3	1468	3
1703	201	169.33	2	1	1	1	1	2	1417.8	2
1704	204	165	3	1	1	1	1	3	730.5	3
1705	204	176.67	1	1	1	1	1	1	33881	1
1706	196.67	180.33	1	1	1	1	1	1	29996	1
1707	196.67	183.67	2	1	1	1	1	2	20382	2
1708	200	178	1	1	1	1	1	1	10640	1
1709	202.33	182.33	2	1	1	1	1	2	7901.6	2
1710	196.67	177	2	1	1	1	1	2	7066.7	2
1711	199.33	180.67	1	1	1	1	1	1	5840.7	1
1712	203.33	179.33	1	1	1	1	1	1	4581.2	1
1713	199	192	1	1	1	1	1	1	25446	1
1714	196	193	2	1	1	1	1	2	21947	2
1715	199.33	189.33	2	1	1	1	1	2	15908	2
1716	202.33	192.67	1	1	1	1	1	1	14190	1
1717	204.67	189.33	1	1	1	1	1	1	11298	1
1718	196	190.67	2	1	1	1	1	2	6903.5	2
1719	199.33	185	2	1	1	1	1	2	6846	2
1720	197	186	3	1	1	1	1	3	4519.9	3
1721	203	185.33	2	1	1	1	1	2	2949.9	2
1722	202.33	196	2	1	1	1	1	2	17758	2
1723	196	199.67	2	1	1	1	1	2	16936	2
1724	195.33	196	1	1	1	1	1	1	9688.3	1
1725	200.67	197	3	1	1	1	1	3	4634.9	3
1726	204.67	195.67	2	1	1	1	1	2	668.84	2
1727	200.33	205	1	1	1	1	1	1	15359	1
1728	196.33	205	1	1	1	1	1	1	7851.7	1
1729	199	207	1	1	1	1	1	1	4071.4	1
1730	202.67	211	3	1	1	1	1	3	2141.7	3
1731	196.67	209.67	1	1	1	1	1	1	980.82	1
1732	199.67	214.67	2	1	1	1	1	2	741.62	2
1733	195.33	225.33	1	1	1	1	1	1	890.48	1
1734	214.33	100.67	2	1	1	1	1	2	1225.1	2
1735	213.67	104.67	1	1	1	1	1	1	1009.2	1
1736	214.67	96.667	3	1	1	1	1	3	702.08	3
1737	205	111	2	1	1	1	1	2	10917	2
1738	208.67	107.67	2	1	1	1	1	2	7507.3	2
1739	207.67	110	1	1	1	1	1	1	6130.5	1
1740	210	110.33	2	1	1	1	1	2	1467.5	2
1741	211	122.33	1	1	1	1	1	1	16784	1
1742	209.33	118	1	1	1	1	1	1	5722.2	1
1743	211.67	117.33	2	1	1	1	1	2	2745	2
1744	209	115.33	1	1	1	1	1	1	2708.6	1
1745	214	115.33	2	1	1	1	1	2	2579.2	2
1746	205.33	129	2	1	1	1	1	2	35873	2
1747	207.33	134	2	1	1	1	1	2	17112	2
1748	207.33	126.67	1	1	1	1	1	1	10539	1
1749	205	132	2	1	1	1	1	2	8202.6	2
1750	209	128.67	2	1	1	1	1	2	5553.9	2
1751	208.67	131	1	1	1	1	1	1	4987.4	1
1752	211.67	130.33	2	1	1	1	1	2	3497.6	2
1753	209.67	134.67	1	1	1	1	1	1	3303.8	1
1754	214.33	131	1	1	1	1	1	1	2624.5	1
1755	212.33	127.33	2	1	1	1	1	2	1893.9	2
1756	214.67	128	2	1	1	1	1	2	1078.1	2
1757	205	126	3	1	1	1	1	3	999.78	3
1758	206.67	136.67	2	1	1	1	1	2	22829	2
1759	208.33	142	1	1	1	1	1	1	9910.4	1
1760	210.33	140	1	1	1	1	1	1	5401	1
1761	210.67	144.67	2	1	1	1	1	2	3972.9	2
1762	208.67	138.33	2	1	1	1	1	2	3615.2	2
1763	212.33	142	1	1	1	1	1	1	2288	1
1764	212.67	137	1	1	1	1	1	1	1631.8	1
1765	206	139.67	3	1	1	1	1	3	953.52	3
1766	207.33	147.67	2	1	1	1	1	2	29348	2
1767	206.67	145.33	2	1	1	1	1	2	16733	2
1768	210	149	2	1	1	1	1	2	15421	2
1769	207.67	152.33	2	1	1	1	1	2	8071.5	2
1770	206.33	150	1	1	1	1	1	1	3280.7	1
1771	210.67	152	1	1	1	1	1	1	1310.7	1
1772	214.33	149.67	1	1	1	1	1	1	948.83	1
1773	213.67	152.33	2	1	1	1	1	2	928.2	2
1774	212.33	147.67	3	1	1	1	1	3	481.35	3
1775	206.33	156	1	1	1	1	1	1	19240	1
1776	209.33	155	1	1	1	1	1	1	11291	1
1777	214.33	163.67	1	1	1	1	1	1	7938.6	1
1778	206.33	164	1	1	1	1	1	1	7896.2	1
1779	206.67	158.33	2	1	1	1	1	2	7685	2
1780	212.67	155.33	2	1	1	1	1	2	2697.5	2
1781	212	160.33	1	1	1	1	1	1	2507.2	1
1782	209.33	163	1	1	1	1	1	1	2345.9	1
1783	209	160.33	2	1	1	1	1	2	1698.2	2
1784	213.67	158	1	1	1	1	1	1	1565.4	1
1785	209.67	157.33	1	1	1	1	1	1	1444.5	1
1786	212	163.67	3	1	1	1	1	3	476.09	3
1787	205.33	173	1	1	1	1	1	1	23878	1
1788	205.33	170	2	1	1	1	1	2	23160	2
1789	205.67	167.33	2	1	1	1	1	2	8764.9	2
1790	213	167.33	2	1	1	1	1	2	7156.7	2
1791	208.67	172.33	1	1	1	1	1	1	5819.8	1
1792	211.33	172.67	1	1	1	1	1	1	5136.4	1
1793	209.67	166.33	2	1	1	1	1	2	4104.3	2
1794	211	169.67	2	1	1	1	1	2	4060.9	2
1795	208	169.67	1	1	1	1	1	1	2290.5	1
1796	213.67	170.67	2	1	1	1	1	2	1737.6	2
1797	207.33	183.67	1	1	1	1	1	1	23925	1
1798	206	178.33	1	1	1	1	1	1	20485	1
1799	206.67	176	1	1	1	1	1	1	14047	1
1800	213.67	180.67	1	1	1	1	1	1	12851	1
1801	210	176.67	2	1	1	1	1	2	4695.7	2
1802	205.33	181.33	2	1	1	1	1	2	4417.9	2
1803	211.33	179.33	1	1	1	1	1	1	4176.9	1
1804	210.33	182	2	1	1	1	1	2	3810.6	2
1805	212.67	183	1	1	1	1	1	1	2301.4	1
1806	208.67	179.67	3	1	1	1	1	3	1858.2	3
1807	212.67	177.33	1	1	1	1	1	1	1013.3	1
1808	205	192.33	2	1	1	1	1	2	43230	2
1809	207	188.67	1	1	1	1	1	1	15542	1
1810	205.67	185.33	1	1	1	1	1	1	13651	1
1811	211	194	1	1	1	1	1	1	7632.3	1
1812	208.67	186.33	1	1	1	1	1	1	5085.5	1
1813	211.33	185.33	1	1	1	1	1	1	1612.7	1
1814	213.33	192	1	1	1	1	1	1	1526.5	1
1815	207.33	191.67	3	1	1	1	1	3	1050.7	3
1816	207.67	198.67	1	1	1	1	1	1	22173	1
1817	207.33	205	2	1	1	1	1	2	629.79	2
1818	209.33	233.67	3	1	1	1	1	3	867.37	3
1819	220.33	104	1	1	1	1	1	1	441.65	1
1820	224.33	113.67	2	1	1	1	1	2	1173.6	2
1821	216.67	112	2	1	1	1	1	2	611.43	2
1822	219.67	110.33	1	1	1	1	1	1	374.07	1
1823	216.67	116.67	1	1	1	1	1	1	1497.9	1
1824	217.33	121.67	2	1	1	1	1	2	1379.1	2
1825	220	124	2	1	1	1	1	2	779.62	2
1826	219.33	118.33	1	1	1	1	1	1	677.68	1
1827	216.33	124.33	1	1	1	1	1	1	650.43	1
1828	221	116.67	1	1	1	1	1	1	556.33	1
1829	220.67	121.33	1	1	1	1	1	1	500.29	1
1830	223.67	116	2	1	1	1	1	2	424.55	2
1831	224.67	120.33	3	1	1	1	1	3	380.16	3
1832	219.67	133.67	2	1	1	1	1	2	1597.5	2
1833	220	130.67	2	1	1	1	1	2	1326.9	2
1834	217.33	130	1	1	1	1	1	1	1136.3	1
1835	215.67	133.67	2	1	1	1	1	2	1071.5	2
1836	222.33	129	2	1	1	1	1	2	775.45	2
1837	220	127.33	1	1	1	1	1	1	656.49	1
1838	222	132.33	1	1	1	1	1	1	560.41	1
1839	215	140.67	1	1	1	1	1	1	765.19	1
1840	218.67	136	1	1	1	1	1	1	490.8	1
1841	215.33	154	1	1	1	1	1	1	637.84	1
1842	223.33	161.33	1	1	1	1	1	1	2910.3	1
1843	220.33	155.33	1	1	1	1	1	1	2476.6	1
1844	216.67	158	1	1	1	1	1	1	1591.9	1
1845	219.67	161.33	1	1	1	1	1	1	969.37	1
1846	216.33	161	1	1	1	1	1	1	838.76	1
1847	223	163.67	3	1	1	1	1	3	591.9	3
1848	218.33	164	1	1	1	1	1	1	414.91	1
1849	217.67	174.67	1	1	1	1	1	1	6747.5	1
1850	216.33	170.67	2	1	1	1	1	2	4257.5	2
1851	216.33	165.33	2	1	1	1	1	2	3677.2	2
1852	217.33	168.33	2	1	1	1	1	2	2179.1	2
1853	220.33	170.33	3	1	1	1	1	3	980.32	3
1854	216.33	176.67	2	1	1	1	1	2	14161	2
1855	216.33	180	2	1	1	1	1	2	12161	2
1856	216	182.67	2	1	1	1	1	2	4780	2
1857	218.33	178	1	1	1	1	1	1	2520.4	1
1858	222	183	2	1	1	1	1	2	1072.4	2
1859	220.67	178.67	3	1	1	1	1	3	1024.5	3
1860	219.33	181.67	1	1	1	1	1	1	879.21	1
1861	221.33	188.67	2	1	1	1	1	2	2429.1	2
1862	218.33	188	3	1	1	1	1	3	2009.1	3
1863	216	188.33	2	1	1	1	1	2	1246.3	2
1864	218.33	185	2	1	1	1	1	2	559.76	2
1865	221.33	193	1	1	1	1	1	1	531.45	1
1866	222.33	224	3	1	1	1	1	3	4124.8	3
1867	228.33	108.33	1	1	1	1	1	1	587.21	1
1868	226.67	112.33	1	1	1	1	1	1	406.87	1
1869	225.33	183	2	1	1	1	1	2	384.5	2
1870	230.33	220	3	1	1	1	1	3	3348.3	3
