   3.3900000e+02
   3.4000000e+02
   3.4300000e+02
   3.4500000e+02
   3.4600000e+02
   4.3400000e+02
   4.4100000e+02
   4.4200000e+02
   4.4300000e+02
   4.4400000e+02
   4.4500000e+02
   4.4600000e+02
   4.4700000e+02
   4.4800000e+02
   4.4900000e+02
   4.5000000e+02
   4.5100000e+02
   4.5200000e+02
   4.5300000e+02
   4.5600000e+02
   4.5800000e+02
   4.5900000e+02
   4.6100000e+02
   5.4800000e+02
   5.4900000e+02
   5.5300000e+02
   5.5400000e+02
   5.5500000e+02
   5.5600000e+02
   5.5700000e+02
   5.5800000e+02
   5.5900000e+02
   5.6000000e+02
   5.6100000e+02
   5.6200000e+02
   5.6300000e+02
   5.6400000e+02
   5.6500000e+02
   5.6600000e+02
   5.6700000e+02
   5.6800000e+02
   5.6900000e+02
   5.7000000e+02
   5.7100000e+02
   5.7200000e+02
   5.7300000e+02
   5.7400000e+02
   5.7500000e+02
   5.7600000e+02
   5.7700000e+02
   5.8100000e+02
   5.8200000e+02
   5.8400000e+02
   5.8500000e+02
   5.8600000e+02
   5.8800000e+02
   6.7700000e+02
   6.7900000e+02
   6.8000000e+02
   6.8100000e+02
   6.8200000e+02
   6.8300000e+02
   6.8400000e+02
   6.8500000e+02
   6.8600000e+02
   6.8700000e+02
   6.8800000e+02
   6.8900000e+02
   6.9000000e+02
   6.9100000e+02
   6.9200000e+02
   6.9300000e+02
   6.9400000e+02
   6.9500000e+02
   6.9600000e+02
   6.9700000e+02
   6.9800000e+02
   6.9900000e+02
   7.0000000e+02
   7.0100000e+02
   7.0200000e+02
   7.0300000e+02
   7.0400000e+02
   7.0500000e+02
   7.0600000e+02
   7.0700000e+02
   7.0800000e+02
   7.0900000e+02
   7.1000000e+02
   7.1100000e+02
   7.1200000e+02
   7.1300000e+02
   7.1400000e+02
   7.1500000e+02
   7.1600000e+02
   7.1700000e+02
   7.1800000e+02
   7.2200000e+02
   7.2600000e+02
   7.2700000e+02
   7.2900000e+02
   8.0900000e+02
   8.1100000e+02
   8.1600000e+02
   8.1700000e+02
   8.2000000e+02
   8.2100000e+02
   8.2200000e+02
   8.2300000e+02
   8.2400000e+02
   8.2500000e+02
   8.2600000e+02
   8.2700000e+02
   8.2800000e+02
   8.2900000e+02
   8.3000000e+02
   8.3100000e+02
   8.3200000e+02
   8.3300000e+02
   8.3400000e+02
   8.3500000e+02
   8.3600000e+02
   8.3700000e+02
   8.3800000e+02
   8.3900000e+02
   8.4000000e+02
   8.4100000e+02
   8.4200000e+02
   8.4300000e+02
   8.4400000e+02
   8.4500000e+02
   8.4600000e+02
   8.4700000e+02
   8.4800000e+02
   8.4900000e+02
   8.5000000e+02
   8.5100000e+02
   8.5200000e+02
   8.5300000e+02
   8.5400000e+02
   8.5500000e+02
   8.5600000e+02
   8.5700000e+02
   8.5800000e+02
   8.5900000e+02
   8.6000000e+02
   8.6100000e+02
   8.6300000e+02
   8.6400000e+02
   8.6500000e+02
   8.6600000e+02
   8.6700000e+02
   8.6800000e+02
   8.6900000e+02
   9.6000000e+02
   9.6100000e+02
   9.6200000e+02
   9.6300000e+02
   9.6400000e+02
   9.6500000e+02
   9.6600000e+02
   9.6700000e+02
   9.6800000e+02
   9.7000000e+02
   9.7100000e+02
   9.7200000e+02
   9.7300000e+02
   9.7400000e+02
   9.7500000e+02
   9.7600000e+02
   9.7700000e+02
   9.7800000e+02
   9.7900000e+02
   9.8000000e+02
   9.8100000e+02
   9.8200000e+02
   9.8300000e+02
   9.8400000e+02
   9.8500000e+02
   9.8600000e+02
   9.8700000e+02
   9.8800000e+02
   9.8900000e+02
   9.9000000e+02
   9.9100000e+02
   9.9200000e+02
   9.9300000e+02
   9.9400000e+02
   9.9500000e+02
   9.9600000e+02
   9.9700000e+02
   9.9800000e+02
   9.9900000e+02
   1.0000000e+03
   1.0010000e+03
   1.0020000e+03
   1.0030000e+03
   1.0040000e+03
   1.0050000e+03
   1.0060000e+03
   1.0070000e+03
   1.0080000e+03
   1.0090000e+03
   1.0100000e+03
   1.0110000e+03
   1.0120000e+03
   1.0140000e+03
   1.0150000e+03
   1.0190000e+03
   1.0220000e+03
   1.0230000e+03
   1.0830000e+03
   1.0850000e+03
   1.0880000e+03
   1.0890000e+03
   1.0900000e+03
   1.0930000e+03
   1.0940000e+03
   1.0950000e+03
   1.0960000e+03
   1.0970000e+03
   1.0980000e+03
   1.0990000e+03
   1.1000000e+03
   1.1010000e+03
   1.1020000e+03
   1.1030000e+03
   1.1040000e+03
   1.1050000e+03
   1.1060000e+03
   1.1070000e+03
   1.1080000e+03
   1.1090000e+03
   1.1100000e+03
   1.1110000e+03
   1.1120000e+03
   1.1130000e+03
   1.1140000e+03
   1.1150000e+03
   1.1160000e+03
   1.1170000e+03
   1.1180000e+03
   1.1190000e+03
   1.1200000e+03
   1.1210000e+03
   1.1220000e+03
   1.1230000e+03
   1.1240000e+03
   1.1250000e+03
   1.1260000e+03
   1.1270000e+03
   1.1290000e+03
   1.1300000e+03
   1.1310000e+03
   1.1320000e+03
   1.1330000e+03
   1.1340000e+03
   1.1350000e+03
   1.1380000e+03
   1.2120000e+03
   1.2130000e+03
   1.2140000e+03
   1.2150000e+03
   1.2160000e+03
   1.2180000e+03
   1.2190000e+03
   1.2200000e+03
   1.2220000e+03
   1.2230000e+03
   1.2240000e+03
   1.2250000e+03
   1.2260000e+03
   1.2270000e+03
   1.2280000e+03
   1.2290000e+03
   1.2300000e+03
   1.2310000e+03
   1.2320000e+03
   1.2330000e+03
   1.2340000e+03
   1.2350000e+03
   1.2360000e+03
   1.2370000e+03
   1.2380000e+03
   1.2390000e+03
   1.2400000e+03
   1.2410000e+03
   1.2420000e+03
   1.2430000e+03
   1.2440000e+03
   1.2450000e+03
   1.2460000e+03
   1.2470000e+03
   1.2480000e+03
   1.2490000e+03
   1.2500000e+03
   1.2510000e+03
   1.2520000e+03
   1.2530000e+03
   1.2540000e+03
   1.2550000e+03
   1.2560000e+03
   1.2570000e+03
   1.2580000e+03
   1.2600000e+03
   1.2640000e+03
   1.2650000e+03
   1.2660000e+03
   1.2710000e+03
   1.3370000e+03
   1.3400000e+03
   1.3430000e+03
   1.3460000e+03
   1.3480000e+03
   1.3490000e+03
   1.3500000e+03
   1.3510000e+03
   1.3520000e+03
   1.3530000e+03
   1.3540000e+03
   1.3550000e+03
   1.3560000e+03
   1.3570000e+03
   1.3580000e+03
   1.3590000e+03
   1.3600000e+03
   1.3610000e+03
   1.3620000e+03
   1.3630000e+03
   1.3640000e+03
   1.3650000e+03
   1.3660000e+03
   1.3670000e+03
   1.3680000e+03
   1.3690000e+03
   1.3700000e+03
   1.3710000e+03
   1.3720000e+03
   1.3730000e+03
   1.3740000e+03
   1.3750000e+03
   1.3760000e+03
   1.3770000e+03
   1.3780000e+03
   1.3790000e+03
   1.3800000e+03
   1.3810000e+03
   1.3820000e+03
   1.3830000e+03
   1.3840000e+03
   1.3850000e+03
   1.3860000e+03
   1.3870000e+03
   1.3890000e+03
   1.3900000e+03
   1.3910000e+03
   1.3920000e+03
   1.3930000e+03
   1.3940000e+03
   1.3950000e+03
   1.4620000e+03
   1.4630000e+03
   1.4660000e+03
   1.4670000e+03
   1.4700000e+03
   1.4710000e+03
   1.4720000e+03
   1.4730000e+03
   1.4740000e+03
   1.4750000e+03
   1.4760000e+03
   1.4770000e+03
   1.4780000e+03
   1.4790000e+03
   1.4800000e+03
   1.4810000e+03
   1.4820000e+03
   1.4830000e+03
   1.4840000e+03
   1.4850000e+03
   1.4860000e+03
   1.4870000e+03
   1.4880000e+03
   1.4890000e+03
   1.4900000e+03
   1.4910000e+03
   1.4920000e+03
   1.4930000e+03
   1.4940000e+03
   1.4950000e+03
   1.4960000e+03
   1.4970000e+03
   1.4980000e+03
   1.4990000e+03
   1.5000000e+03
   1.5010000e+03
   1.5020000e+03
   1.5030000e+03
   1.5040000e+03
   1.5050000e+03
   1.5060000e+03
   1.5070000e+03
   1.5080000e+03
   1.5120000e+03
   1.5140000e+03
   1.5150000e+03
   1.5870000e+03
   1.5890000e+03
   1.5900000e+03
   1.5910000e+03
   1.5930000e+03
   1.5990000e+03
   1.6000000e+03
   1.6020000e+03
   1.6030000e+03
   1.6040000e+03
   1.6050000e+03
   1.6060000e+03
   1.6070000e+03
   1.6080000e+03
   1.6090000e+03
   1.6100000e+03
   1.6110000e+03
   1.6120000e+03
   1.6130000e+03
   1.6140000e+03
   1.6150000e+03
   1.6160000e+03
   1.6250000e+03
   1.6950000e+03
   1.6960000e+03
   1.7000000e+03
   1.7060000e+03
   1.7080000e+03
   1.7100000e+03
