31	5	1	181.04	114.65	181.04	114.65	1.6792	-12.342	7.4889	0	150	130.31
46	3	1	207.36	124.11	207.36	124.11	4.2964	100.98	8.055	20.265	150	103.73
51	3	1	201.34	111.96	201.34	111.96	2.7903	113.8	97.873	0	150	71.317
52	1	1	216.39	116.64	216.39	116.64	14.582	206.07	15.144	183.36	150	56.805
53	2	1	196.24	114.67	196.24	114.67	9.8349	40.961	22.664	4.7554	150	76.002
62	3	1	185.21	119.18	185.21	119.18	1.7356	164.66	10.029	0	150	115.49
121	3	1	174.94	126.47	174.94	126.47	2.2562	265.62	11.706	0	150	116.92
170	4	1	188.01	130.54	188.01	130.54	4.0623	57.72	9.4628	6.2526	150	90.339
183	4	1	152.78	139.79	152.78	139.79	3.1725	87.858	15.378	2.6978	150	96.56
196	3	1	162.4	144.74	162.4	144.74	2.3537	137.03	14.547	3.0549	150	82.767
257	3	1	170.48	140.72	170.48	140.72	4.166	58.584	11.136	7.8911	150	125.71
258	4	1	177.19	129.35	177.19	129.35	1.1706	184.56	8.0529	0	150	151.18
259	3	1	178.2	137.91	178.2	137.91	3.2814	116.99	10.366	9.4848	150	98.182
286	2	1	205.75	136.38	205.75	136.38	13.147	208.83	13.925	180.49	150	85.714
287	4	1	205.58	125.98	205.58	125.98	6.0928	629.97	6.3119	580.69	150	102.34
302	1	1	192.99	129.63	192.99	129.63	14.036	316.44	14.478	292.84	150	82.283
348	3	1	188.84	134.86	188.84	134.86	4.0481	78.719	12.928	5.1352	150	98.132
351	3	1	185.42	124.59	185.42	124.59	1.9572	1216.6	1.9781	914.78	150	71.937
363	3	1	200.86	130.71	200.86	130.71	4.3791	70.784	11.381	8.15	150	116.77
376	4	1	174.48	135.21	174.48	135.21	3.4222	80.197	12.984	5.9045	150	108.91
451	4	1	150.82	156.77	150.82	156.77	3.0214	79.825	13.364	3.7808	150	90.465
467	4	1	163.24	141.46	163.24	141.46	4.966	215.89	5.5437	157.7	150	104.18
497	3	1	197.45	140.4	197.45	140.4	4.9115	459.42	5.2111	392.34	150	117.11
526	2	1	164.57	151.67	164.57	151.67	8.6261	34.908	21.463	4.8053	150	85.085
528	4	1	173.99	143.69	173.99	143.69	3.626	75.976	11.929	7.3523	150	81.16
529	3	1	181.3	146.67	181.3	146.67	4.0347	54.884	12.549	5.1093	150	115.23
531	4	1	171.09	154.18	171.09	154.18	3.9462	56.168	9.3769	9.1616	150	72.594
542	4	1	185.86	139.44	185.86	139.44	3.9898	110.49	6.5091	31.589	150	73.292
557	4	1	205.63	137.53	205.63	137.53	3.5946	74.665	8.6982	12.699	150	95.775
571	4	1	196.23	139.93	196.23	139.93	4.9393	749.69	5.1207	687.39	150	108.56
603	5	1	169.55	157.83	169.55	157.83	2.2251e-308	0.57493	8.9003e-308	0.16427	150	99.948
604	3	1	169.83	151.25	169.83	151.25	4.0301	57.108	11.966	6.6421	150	98.675
691	4	1	203.96	147.18	203.96	147.18	5.878	763.96	6.0481	717.6	150	116.96
692	1	1	83.783	229.53	83.783	229.53	17.841	155.09	18.331	145.05	150	53.264
696	1	1	197.68	150.72	197.68	150.72	14.486	197.84	14.939	184.18	150	74.809
698	3	1	208.32	144.82	208.32	144.82	5.2647	269.61	5.5309	238.1	150	58.005
706	3	1	198.82	151.96	198.82	151.96	6.4691	441.06	6.8039	393.86	150	111.48
751	3	1	184.5	154.7	184.5	154.7	3.7015	80.764	9.1907	11.005	150	93.478
766	4	1	188.99	150.85	188.99	150.85	3.6844	81.399	7.4392	19.185	150	113.45
771	6	1	201.77	132.7	201.77	132.7	2.2251e-308	-0.35335	8.9003e-308	0	150	66.49
812	4	1	182.01	152.32	182.01	152.32	5.4146	99.579	6.837	59.227	150	95.569
813	3	1	178.51	163.6	178.51	163.6	3.3372	77.06	9.8431	8.204	150	95.104
826	3	1	206.73	157.7	206.73	157.7	4.1967	61.68	10.428	8.885	150	121.84
842	3	1	193.39	159.5	193.39	159.5	3.5006	76.103	10.121	8.2756	150	106.35
873	3	1	165.36	158.96	165.36	158.96	5.5586	508.69	5.8235	455.42	150	98.768
887	2	1	187.84	156.51	187.84	156.51	12.358	241.85	12.897	218.73	150	78.431
901	4	1	202.07	155.3	202.07	155.3	3.5985	71.562	11.755	5.9715	150	112.78
931	3	1	162.71	167.96	162.71	167.96	3.0806	95.304	11.501	5.7446	150	81.206
946	4	1	183.04	161.86	183.04	161.86	5.0024	211.61	5.6416	157.67	150	110.98
976	4	1	192.14	164.33	192.14	164.33	4.7547	196.06	5.6559	131.2	150	87.276
977	3	1	188.46	168.62	188.46	168.62	5.4046	303.46	5.9387	245.64	150	96.804
991	4	1	170.3	164.91	170.3	164.91	3.9351	113.1	5.8529	42.876	150	83.544
1011	1	1	167.14	161.87	167.14	161.87	15.972	203.02	16.406	190.36	150	75.589
1052	4	1	160.24	163.14	160.24	163.14	4.0035	83.283	7.5161	19.435	150	87.116
1069	3	1	153.3	163.17	153.3	163.17	4.8769	423.81	5.1569	367.38	150	89.077
1083	2	1	199.65	173.57	199.65	173.57	10.111	46.41	15.196	18.304	150	85.248
1096	4	1	211.95	170.31	211.95	170.31	4.9537	495.12	5.1537	451.3	150	61.798
1097	3	1	214.54	162.85	214.54	162.85	5.7787	124.51	6.7011	77.431	150	110.37
1099	4	1	202.83	165.62	202.83	165.62	6.1833	620.08	6.4005	576.07	150	87.321
1112	4	1	176.69	171.11	176.69	171.11	3.2908	87.77	9.889	8.5468	150	88.312
1156	4	1	201.42	176.88	201.42	176.88	5.7936	355.33	6.1228	316.95	150	111.5
1188	3	1	143.03	163.29	143.03	163.29	3.5476	72.161	9.8884	8.0406	150	77.185
1248	3	1	189.57	175.42	189.57	175.42	6.3836	479.48	6.6345	441.48	150	120.49
1276	3	1	174.96	171.27	174.96	171.27	3.2692	78.259	10.834	6.3243	150	102.52
1307	4	1	190.43	171.89	190.43	171.89	3.8247	78.941	8.5487	12.172	150	121.9
1336	4	1	163.53	172.19	163.53	172.19	3.8714	70.028	8.3028	15.237	150	99.396
1366	4	1	215.22	179.24	215.22	179.24	3.4181	75.441	9.5622	10.149	150	67.49
1381	4	1	184.63	179.09	184.63	179.09	4.8131	63.895	8.2551	17.338	150	115.31
1411	4	1	176.36	180.46	176.36	180.46	4.4919	807.45	4.6746	732.5	150	89.473
1412	4	1	168.02	180.44	168.02	180.44	4.0955	62.012	8.0636	14.768	150	116.46
1426	4	1	196.06	184.45	196.06	184.45	4.7844	113.33	6.3523	58.959	150	103.04
1431	6	1	190.41	167.17	190.41	167.17	2.2251e-308	-0.2991	8.9003e-308	0	150	64.555
1445	1	1	185.45	182	185.45	182	14.534	281.53	14.912	263.92	150	89.862
1456	3	1	169.47	177.26	169.47	177.26	3.6667	73.659	12.214	5.2798	150	126.36
1471	4	1	152.12	167.95	152.12	167.95	4.2712	80.735	7.2989	23.504	150	100.25
1490	3	1	203.1	175.19	203.1	175.19	4.2559	64.266	9.2022	13.486	150	84.427
1501	4	1	206.02	184.14	206.02	184.14	3.9971	72.954	9.9645	11.533	150	95.247
1531	3	1	181.37	184.26	181.37	184.26	3.7545	58.442	9.9099	6.6313	150	88.919
1576	4	1	191.64	191.72	191.64	191.72	3.5702	78.548	11.265	6.7301	150	99.759
1606	3	1	151.31	172.58	151.31	172.58	4.5565	78.473	8.394	16.988	150	95.402
1652	3	1	191.11	187.79	191.11	187.79	4.6273	87.657	7.2883	30.341	150	110.54
1666	4	1	176.37	190.46	176.37	190.46	4.4638	137.92	5.9417	69.18	150	87.342
1686	2	1	171.56	190.95	171.56	190.95	12.496	205.55	13.215	179.12	150	78.122
1699	6	1	193.69	177.11	193.69	177.11	7.3741	1.1921	35.681	0	150	68.811
1741	3	1	159.57	180.79	159.57	180.79	5.7535	513.9	6.0326	456.22	150	96.568
1742	4	1	159.2	181.1	159.2	181.1	4.0335	73.049	8.4552	14.541	150	98.734
1761	2	1	194.53	192.45	194.53	192.45	12.127	149.02	12.994	123.69	150	92.927
1771	1	1	209.49	186.22	209.49	186.22	14.996	374.36	15.287	358.57	150	70.628
1772	3	1	206.74	195.28	206.74	195.28	5.2415	782.21	5.4164	715.94	150	114.87
1775	5	1	204.91	196.84	204.91	196.84	4.1567	4.1342	10.401	0	150	105.49
1776	4	1	203.37	193.07	203.37	193.07	2.6157	66.327	15.268	0	150	97.434
1787	4	1	184.96	198.17	184.96	198.17	5.7442	645.99	5.9613	598.8	150	101.84
1817	3	1	167.76	187.82	167.76	187.82	3.6278	87.279	10.187	7.0778	150	72.077
1877	3	1	199.41	205.14	199.41	205.14	1.6164	69.427	9.6776	0	150	50.834
1923	4	1	194.81	201.92	194.81	201.92	2.8115	91.75	13.83	2.7895	150	77.307
1951	3	1	191.18	201.19	191.18	201.19	4.127	94.524	8.0905	17.844	150	100.78
1982	3	1	193.68	211.28	193.68	211.28	5.2333	133.47	5.5812	106.06	150	54.977
1996	4	1	182.54	207.98	182.54	207.98	4.2062	71.462	8.8529	12.636	150	101.4
2011	3	1	178.29	216.55	178.29	216.55	5.3113	1127.9	5.403	1075.9	150	105.04
2028	2	1	181.1	209.69	181.1	209.69	6.6466	36.912	18.274	2.7636	150	87.847
2041	3	1	182.56	203.56	182.56	203.56	5.3125	418.57	5.6929	354.13	150	96.788
2057	3	1	176.25	208.41	176.25	208.41	1.84	132.67	13.331	0	150	101.25
2101	4	1	174.79	200.27	174.79	200.27	3.4027	80.58	10.318	8.9672	150	103.42
2117	3	1	176.45	195.43	176.45	195.43	4.3417	106.78	6.9642	30.537	150	79.094
2133	4	1	164.88	196.2	164.88	196.2	5.2046	112.44	6.8832	62.657	150	77.136
2161	4	1	165.31	209.43	165.31	209.43	4.7237	54.022	11.664	8.7671	150	87.637
2181	4	1	168.96	218.07	168.96	218.07	2.7801	113.6	14.364	0	150	52.636
2206	3	1	165.98	220.41	165.98	220.41	2.509	93.535	12.588	0	150	86.302
2236	3	1	165.31	197.49	165.31	197.49	3.8775	66.307	10.8	7.7243	150	72.809
2253	4	1	156.38	203.85	156.38	203.85	3.2957	60.531	12.381	5.3837	150	69.722
2266	3	1	164.1	211.03	164.1	211.03	3.876	47.982	14.194	3.7354	150	86.503
2311	4	1	159.42	229.22	159.42	229.22	4.5982	54.507	11.679	8.181	150	86.959
2316	4	1	165.27	222.58	165.27	222.58	3.0806	58.104	14.451	2.3393	150	66.879
2317	2	1	166.16	228.64	166.16	228.64	11.639	33.433	15.925	15.014	150	55.84
2329	2	1	152.58	172.66	152.58	172.66	8.7713	36.532	19.687	5.4052	150	84.672
2358	1	1	157.61	186.78	157.61	186.78	15.86	279.25	16.196	266.3	150	74.066
2371	4	1	156.01	191.85	156.01	191.85	3.9033	83.505	7.32	20.745	150	101
2401	3	1	156.04	200.61	156.04	200.61	4.4648	52.957	10.492	9.0701	150	88.07
2421	2	1	121.13	254.72	121.13	254.72	4.9018	32.817	29.669	0	150	65.464
2431	3	1	159.2	220.48	159.2	220.48	3.9005	51.04	19.462	2.2086	150	92.338
2433	1	1	168.89	211.63	168.89	211.63	11.46	15.158	23.523	3.0078	150	69.889
2506	3	1	153.2	188.93	153.2	188.93	4.6316	59.775	9.5663	10.703	150	102.01
2525	4	1	148.6	197.88	148.6	197.88	4.6564	299.37	5.0651	241.51	150	83.272
2598	3	1	147.92	225.36	147.92	225.36	6.6784	189.45	7.3434	149.25	150	106.08
2611	3	1	156.95	231.04	156.95	231.04	3.6517	50.261	16.145	2.1561	150	63.09
2613	4	1	149.06	226.9	149.06	226.9	3.3692	57.409	15.857	2.2254	150	79.701
2628	4	1	147.36	179.13	147.36	179.13	3.6821	75.568	7.6642	13.192	150	96.508
2646	6	1	151.88	183.73	151.88	183.73	8.3145	0.7237	43.735	0	150	64.357
2656	4	1	147.67	188.16	147.67	188.16	4.9377	737.99	5.1192	672.36	150	92.069
2674	3	1	149.66	208.4	149.66	208.4	5.1338	58.486	8.3828	18.494	150	72.288
2677	2	1	147.39	204.18	147.39	204.18	13.243	137.23	14.204	118.61	150	62.809
2716	3	1	144.86	217.4	144.86	217.4	3.524	74.411	11.297	5.2679	150	79.185
2778	3	1	140.66	175.72	140.66	175.72	3.9734	63.409	9.7998	7.8188	150	110.42
2821	4	1	132.72	169.63	132.72	169.63	3.3732	77.473	9.7348	7.6842	150	64.976
2822	4	1	143.86	168.47	143.86	168.47	4.2537	71.051	9.1196	13.721	150	89.536
2867	3	1	136.16	209.91	136.16	209.91	4.0069	53.2	10.323	7.1632	150	69.857
2882	4	1	144.16	218.89	144.16	218.89	3.7859	64.624	10.253	5.9501	150	72.896
2887	2	1	133.45	220.77	133.45	220.77	11.183	21.476	21.204	5.4774	150	64.547
2911	1	1	71.772	254.36	71.772	254.36	13.416	39.696	15.447	22.502	150	37.498
2945	1	1	135.75	211.54	135.75	211.54	16.517	173.26	16.959	163.96	150	63.932
2956	4	1	145.91	206.66	145.91	206.66	3.6012	59.291	10.579	6.4305	150	69.242
2973	3	1	141.61	198	141.61	198	4.3233	49.979	11.599	5.9477	150	69.051
2986	3	1	144.95	183.76	144.95	183.76	6.2754	580.97	6.4874	530.15	150	117.51
3033	3	1	132.41	170.8	132.41	170.8	5.7773	576.39	6.0017	525.99	150	83.324
3076	3	1	132.67	224.53	132.67	224.53	6.0705	96.388	7.378	61.44	150	76.916
3078	3	1	136.98	231.2	136.98	231.2	4.0987	44.874	13.968	2.8636	150	94.88
3123	5	1	136.74	210.95	136.74	210.95	2.2251e-308	-0.59618	8.9003e-308	0	150	76.107
3136	4	1	135.9	204.26	135.9	204.26	3.6308	62.707	11.315	6.1183	150	68.306
3167	4	1	140.13	194.42	140.13	194.42	5.4239	47.97	9.4161	13.173	150	105.37
3168	3	1	128.4	199.57	128.4	199.57	4.4176	53.586	11.511	6.5117	150	73.797
3197	4	1	137.92	179.14	137.92	179.14	4.6404	168.75	5.6821	100.66	150	85.338
3201	1	1	139.75	171.6	139.75	171.6	16.627	137.05	17.094	128.29	150	72.052
3211	4	1	131.69	229.01	131.69	229.01	5.8599	435.06	6.0763	398.09	150	98.437
3256	4	1	127.48	219.34	127.48	219.34	4.4332	51.687	8.9747	10.183	150	66.84
3257	4	1	135.38	213.57	135.38	213.57	5.9843	414.92	6.2394	377.8	150	73.706
3316	2	1	121.66	197.35	121.66	197.35	13.816	323.84	14.195	304.68	150	69.922
3317	4	1	132.02	190.35	132.02	190.35	4.452	61.683	9.233	13.155	150	76.639
3331	3	1	132.22	187.23	132.22	187.23	3.8738	66.897	11.439	5.5682	150	76.835
3332	4	1	121.82	186.94	121.82	186.94	4.7961	65.72	9.0253	15.173	150	69.318
3346	4	1	127.53	176.86	127.53	176.86	4.2469	124.71	5.654	62.852	150	85.396
3361	3	1	116.86	234.36	116.86	234.36	4.1778	48.327	11.396	5.0669	150	56.886
3391	3	1	121.8	222.72	121.8	222.72	4.109	55.708	15.232	3.6309	150	69.795
3421	3	1	126.9	207.61	126.9	207.61	3.6624	56.897	14.378	3.3338	150	79.256
3440	4	1	125.08	205.6	125.08	205.6	3.4919	65.428	13.243	4.192	150	50.942
3498	3	1	124.45	180.38	124.45	180.38	3.9826	69.868	10.36	5.869	150	94.055
3511	4	1	121.73	224.38	121.73	224.38	3.436	75.633	10.541	5.7612	150	74.064
3514	1	1	111.51	229.48	111.51	229.48	13.161	113.63	13.841	101.41	150	51.537
3573	3	1	119.94	209.88	119.94	209.88	4.2424	43.729	14.906	3.3335	150	62.664
3587	3	1	113.51	201.78	113.51	201.78	4.2152	58.271	10.719	6.2871	150	70.783
3602	3	1	120.04	193.36	120.04	193.36	3.877	60.536	15.488	3.2107	150	76.375
3605	6	1	130.23	196.51	130.23	196.51	2.5876	-0.8283	10.421	0	150	59.842
3618	3	1	101.61	228.86	101.61	228.86	4.2851	78.583	7.6886	17.993	150	70.626
3619	4	1	111.35	228.08	111.35	228.08	4.848	56.699	9.085	12.869	150	80.144
3631	4	1	117.13	212.47	117.13	212.47	4.0541	45.947	12.012	4.5832	150	84.872
3632	3	1	109.58	223.86	109.58	223.86	3.8073	57.636	10.809	4.6181	150	64.558
3662	4	1	114.71	203.31	114.71	203.31	3.1129	67.976	14.783	2.3903	150	61.432
3666	2	1	59.119	216.41	59.119	216.41	13.233	268.13	13.715	244.29	150	57.573
3709	3	1	100.86	201.47	100.86	201.47	3.4122	66.466	17.507	1.9172	150	67.685
3725	4	1	106.46	212.4	106.46	212.4	4.4477	62.841	9.655	10.202	150	88.673
3781	3	1	106.47	213.26	106.47	213.26	4.2704	47.692	11.973	4.4121	150	65.839
3796	4	1	93.387	212.49	93.387	212.49	3.2151	63.898	12.913	3.9464	150	77.425
3812	4	1	99.742	224.43	99.742	224.43	3.4682	67.372	13.21	3.8688	150	74.32
3827	4	1	83.137	216.92	83.137	216.92	5.3508	114.59	6.9404	60.98	150	77.261
3828	3	1	96.897	221.01	96.897	221.01	4.5956	64.033	9.6772	9.3631	150	103.57
3842	3	1	89.314	229.78	89.314	229.78	6.3594	179.52	7.011	138.29	150	81.594
3845	4	1	87.069	225.91	87.069	225.91	5.4561	134.92	6.4623	88.113	150	104.27
3847	2	1	92.977	219.02	92.977	219.02	15.736	233.93	16.183	218.52	150	63.686
3903	4	1	70.21	213.73	70.21	213.73	6.1618	458.34	6.4532	410.62	150	83.173
3920	1	1	99.295	205.93	99.295	205.93	16.448	153.22	16.93	143.75	150	52.891
3946	4	1	68.868	201	68.868	201	4.449	65.368	8.381	14.546	150	80.235
3947	3	1	70.167	211.6	70.167	211.6	6.2941	40.814	10.858	10.057	150	106.41
3963	4	1	80.269	206.22	80.269	206.22	6.4195	232.72	6.9367	195.43	150	73.789
4006	4	1	116.82	193.63	116.82	193.63	4.6097	61.218	8.4368	15.122	150	88.619
4021	4	1	99.937	199.18	99.937	199.18	6.8683	229.57	7.37	192.17	150	83.338
4036	3	1	87.461	207.89	87.461	207.89	5.4992	87.834	6.8271	48.827	150	78.355
4066	3	1	77.736	200.75	77.736	200.75	6.7668	147.96	7.4655	116.22	150	94.198
4067	4	1	86.062	197.4	86.062	197.4	5.0955	48.496	9.9368	11.361	150	69.71
4098	4	1	109.6	175.76	109.6	175.76	4.7344	64.363	7.9513	19.884	150	95.815
4158	4	1	93.85	185.98	93.85	185.98	3.8711	46.775	16.475	2.8625	150	61.124
4171	3	1	89.599	197.85	89.599	197.85	6.0959	242.12	6.5181	199.31	150	84.585
4186	5	1	77.34	202.36	77.34	202.36	2.3276	3.9563	34.672	0.28895	150	70.314
4231	3	1	112.17	184.25	112.17	184.25	5.4788	141.27	6.4363	90.046	150	83.418
4262	3	1	72.854	187.31	72.854	187.31	4.9011	50.649	12.136	6.4343	150	88.773
4276	4	1	107.43	185.58	107.43	185.58	3.321	69.644	14.176	3.6948	150	61.732
4278	3	1	97.984	191.66	97.984	191.66	3.3573	79.113	18.853	1.8662	150	56.583
4351	2	1	127.88	172.44	127.88	172.44	12.406	136.59	13.482	111.13	150	84.107
4368	1	1	112.64	176.69	112.64	176.69	16.901	112.36	17.457	103.64	150	56.923
4396	4	1	75.018	190.1	75.018	190.1	6.8148	393.89	7.1126	356.81	150	98.836
4446	3	1	87.102	188.57	87.102	188.57	3.3863	50.89	18.788	1.5111	150	68.301
4447	6	1	112.03	175.19	112.03	175.19	2.2251e-308	1.6258	8.9003e-308	0.46453	150	54.08
4456	2	1	59.621	194.43	59.621	194.43	13.884	391.8	14.265	365.24	150	70.786
4457	4	1	71.436	180.06	71.436	180.06	3.2424	67.959	16.435	3.1423	150	82.251
4459	1	1	72.788	191.46	72.788	191.46	18.565	127.94	19.21	118.62	150	58.369
4474	2	1	86.716	189.62	86.716	189.62	11.008	28.263	18.741	9.3034	150	58.338
4475	4	1	84.73	185.09	84.73	185.09	3.7392	43.52	12.424	3.8216	150	67.142
4487	4	1	118.35	173.72	118.35	173.72	5.8944	414.34	6.1686	369.25	150	100.81
4519	3	1	83.817	181.1	83.817	181.1	4.4061	42.137	18.198	2.3119	150	63.239
4550	3	1	102.44	181.22	102.44	181.22	4.1568	50.16	12.654	4.9927	150	68.699
4561	3	1	98.463	172.33	98.463	172.33	4.8023	59.175	10.873	8.2051	150	76.98
4576	4	1	99.601	172.94	99.601	172.94	4.7523	59.692	11.993	8.3876	150	89.846
4636	4	1	129.02	163.15	129.02	163.15	3.3481	71.3	12.705	4.6655	150	86.696
4638	3	1	120.2	170.99	120.2	170.99	6.0424	463.95	6.3004	414.74	150	114.59
4682	4	1	118.27	165.3	118.27	165.3	6.4389	411.12	6.7484	364.22	150	125.97
4716	6	1	36.431	175.94	36.431	175.94	8.3237	32.663	8.7831	0	150	42.308
4730	3	1	71.44	176.94	71.44	176.94	4.5489	40.132	21.734	1.7402	150	92.313
4733	6	1	82.494	144.74	82.494	144.74	2.2251e-308	-0.25974	8.9003e-308	0	150	51.857
4748	4	1	77.11	172.23	77.11	172.23	3.5422	50.674	10.322	4.1942	150	72.914
4771	3	1	109.44	171.02	109.44	171.02	3.1534	77.335	11.701	3.9753	150	79.258
4803	1	1	55.235	167.84	55.235	167.84	15.218	63.793	16.423	51.253	150	44.481
4818	3	1	94.906	166.3	94.906	166.3	1.2896	99.844	6.2092	0	150	51.415
4831	2	1	106.23	171.89	106.23	171.89	11.929	118.94	12.955	96.209	150	78.512
4851	2	1	71.712	160.97	71.712	160.97	13.923	67.977	15.234	53.519	150	57.048
4861	4	1	73.359	154.09	73.359	154.09	4.6298	35.582	20.465	1.5744	150	92.839
4896	4	1	109	164.85	109	164.85	5.6424	276.6	5.9819	232.17	150	98.582
4996	3	1	61.078	162.36	61.078	162.36	4.6035	58.587	19.402	2.7791	150	62.753
5001	3	1	67.703	150.16	67.703	150.16	7.2231	257.37	7.5167	224.55	150	76.842
5015	4	1	94.851	166.5	94.851	166.5	1.1965	59.867	6.2697	0	150	42.45
5026	3	1	113.91	161.44	113.91	161.44	3.6669	69.671	16.754	1.9609	150	73.841
5056	3	1	76.326	155.82	76.326	155.82	3.1585	51.016	15.254	0	150	56.924
5179	3	1	108.06	154.92	108.06	154.92	2.2099	90.858	11.437	0	150	106.37
5210	4	1	85.71	153.02	85.71	153.02	4.7401	20.518	19.299	1.4254	150	74.537
5223	1	1	114.46	147.6	114.46	147.6	16.824	126.8	17.298	118.25	150	59.557
5236	4	1	116.19	153.21	116.19	153.21	3.605	100.61	14.407	0	150	90.258
5251	3	1	88.43	150.72	88.43	150.72	3.0908	51.74	13.981	0	150	80.791
5268	3	1	67.247	138.47	67.247	138.47	6.0856	477.24	6.2564	433.16	150	62.437
5282	4	1	93.509	146.55	93.509	146.55	4.4202	42.092	17.464	2.9915	150	97.673
5296	4	1	105.6	148.78	105.6	148.78	4.7579	58.02	12.173	7.837	150	83.436
5343	6	1	113.68	138.31	113.68	138.31	7.9486	-0.56057	31.939	0	150	55.548
5346	1	1	81.969	145.82	81.969	145.82	17.418	139.81	17.738	133.87	150	51.207
5386	3	1	84.268	142.87	84.268	142.87	4.2406	52.089	12.948	4.8582	150	82.284
5390	4	1	82.578	141.23	82.578	141.23	8.3199	300.17	8.6269	275.89	150	96.361
5417	3	1	97.199	145.39	97.199	145.39	4.179	53.947	13.915	4.8905	150	108.26
5493	3	1	106.68	145.5	106.68	145.5	4.4626	48.546	16.406	4.0604	150	83.301
5495	4	1	113.84	140.33	113.84	140.33	5.4282	266.24	5.9289	216.65	150	91.311
5507	3	1	115.13	146.58	115.13	146.58	3.6229	78.532	11.614	4.6606	150	97.208
5508	3	1	122.94	157.74	122.94	157.74	2.7921	79.608	12.622	0	150	86.09
5510	4	1	125.19	144.83	125.19	144.83	2.1369	95.627	10.621	0	150	78.882
5539	4	1	75.383	136.97	75.383	136.97	7.9135	179.77	8.2315	162.25	150	87.795
5551	4	1	101.06	138.6	101.06	138.6	3.8488	69.069	15.777	3.8876	150	87.781
5616	4	1	89.498	136.78	89.498	136.78	4.8426	28.937	18.094	1.7401	150	81.974
5731	3	1	78.16	132.57	78.16	132.57	6.8242	336.43	7.1199	300.5	150	77.193
5747	3	1	90.486	128.86	90.486	128.86	4.6533	54.691	19.395	0	150	120.93
5748	4	1	80.676	121.4	80.676	121.4	3.3153	82.612	12.31	5.14	150	65.753
5749	2	1	77.876	130.14	77.876	130.14	8.6664	26.641	38.483	1.4864	150	67.181
5750	5	1	93.364	129.19	93.364	129.19	27.739	10.102	29.123	9.2957	150	93.363
5791	4	1	89.498	121.58	89.498	121.58	2.1628	125.88	16.023	0	150	74.701
5809	3	1	99.816	134.87	99.816	134.87	3.9633	54.259	20.941	1.5817	150	98.375
5852	3	1	87.894	109.17	87.894	109.17	4.7849	59.547	10.461	11.661	150	81.297
5853	1	1	80.374	118.74	80.374	118.74	14.874	12.599	32.07	2.5935	150	61.744
5930	3	1	94.972	114	94.972	114	3.3476	85.808	14.934	0	150	77.968
5972	3	1	97.31	102.2	97.31	102.2	3.8828	913.04	4.0158	824.26	150	74.541
5987	2	1	83.929	105.08	83.929	105.08	10.146	20.029	17.537	5.8382	150	50.687
6007	4	1	104.56	124.05	104.56	124.05	2.4973	56.894	21.267	0	150	76.323
6048	3	1	112.75	134.43	112.75	134.43	3.7115	46.465	14.727	2.4273	150	106.52
6080	3	1	106.99	120.95	106.99	120.95	3.0638	75.814	13.159	0	150	83.317
6095	4	1	102.36	111.2	102.36	111.2	0.83373	118.01	3.3807	0	150	45.753
6112	2	1	115.01	103.45	115.01	103.45	9.5871	20.352	24.489	1.7308	150	65.591
6136	4	1	119.44	133.26	119.44	133.26	4.1647	60.24	12.182	7.1395	150	91.579
6151	3	1	118.16	128.04	118.16	128.04	4.4055	54.199	13.786	5.5618	150	80.413
6211	3	1	113.42	99.508	113.42	99.508	3.4711	57.1	18.576	1.5165	150	66.629
6271	3	1	120.6	137.6	120.6	137.6	4.2842	60.486	11.559	6.9768	150	83.651
6273	2	1	116.54	136.03	116.54	136.03	12.385	35.322	18.156	14.991	150	81.331
6334	3	1	113.72	108.5	113.72	108.5	4.8219	39.274	15.036	2.8892	150	89.172
6336	3	1	124.49	117.16	124.49	117.16	5.1517	45.044	15.54	3.1764	150	88.463
6347	3	1	121.77	104.02	121.77	104.02	4.0595	55.827	14.505	4.8165	150	133.31
6349	4	1	117.16	106.52	117.16	106.52	2.2675	105.32	12.299	0	150	78.742
6362	4	1	125.7	103.74	125.7	103.74	5.3736	284.72	5.7351	246.92	150	123.74
6436	4	1	133.34	124.58	133.34	124.58	2.9061	77.957	17.15	2.3782	150	87.753
6439	4	1	128.73	128.23	128.73	128.23	3.618	62.443	15.147	3.4073	150	75.667
6558	4	1	139.61	143.81	139.61	143.81	3.3995	79.039	14.506	4.0378	150	71.136
6562	1	1	143.3	141.16	143.3	141.16	15.43	69.106	16.769	56.266	150	76.877
6601	4	1	124.71	114.8	124.71	114.8	5.6013	503.63	5.8479	446.06	150	97.005
6618	3	1	129.89	105.17	129.89	105.17	6.6282	625.86	6.8532	579.54	150	119.77
6619	4	1	133.24	104.69	133.24	104.69	3.0518	66.418	12.612	3.7099	150	85.039
6649	3	1	131.34	95.091	131.34	95.091	2.2339	115.81	10.095	0	150	131.66
6652	1	1	133.61	99.473	133.61	99.473	12.938	21.857	21.56	5.2691	150	66.826
6678	3	1	130.88	146.63	130.88	146.63	2.9705	81.694	13.557	0	150	123.66
6691	3	1	132.7	158.61	132.7	158.61	4.6288	63.242	9.8606	11.97	150	104.36
6692	4	1	132.62	151.09	132.62	151.09	5.8923	541.14	6.1096	493.18	150	120.95
6771	2	1	132.61	115.95	132.61	115.95	9.2983	37.383	23.343	4.3434	150	79.148
6796	4	1	135.84	97.149	135.84	97.149	5.7882	393.86	6.1688	338.11	150	81.991
6798	2	1	134.08	89.642	134.08	89.642	6.7656	64.488	31.578	0	150	91.252
6856	3	1	130.03	127.54	130.03	127.54	2.5018	115.28	91.46	0	150	74.149
6931	3	1	141.99	147.63	141.99	147.63	4.229	75.599	10.604	10.691	150	84.033
7008	3	1	137.1	122.78	137.1	122.78	4.4115	60.999	12.752	5.6793	150	101.36
7009	4	1	139	117.61	139	117.61	3.0395	95.336	12.035	0	150	64.427
7051	4	1	144.73	127.9	144.73	127.9	6.7503	417.25	7.1052	372.32	150	99.008
7066	3	1	144.74	133.55	144.74	133.55	1.9138	149.58	17.129	0	150	293.1
7068	2	1	141.58	144.61	141.58	144.61	12.904	178.33	13.73	153.38	150	82.772
7096	4	1	145.57	94.914	145.57	94.914	3.7488	82.172	11.112	9.568	150	84.537
7132	6	1	181.5	87.077	181.5	87.077	12.569	7.2181	50.472	0.14201	150	66.512
7174	1	1	153.55	119.33	153.55	119.33	10.85	17.521	25.449	2.4044	150	78.032
7247	3	1	142.12	94.053	142.12	94.053	3.7712	88.438	11.006	8.8486	150	69.678
7264	3	1	151.1	94.254	151.1	94.254	3.8813	68.802	13.635	5.5288	150	107.57
7279	3	1	151.14	108.34	151.14	108.34	4.4786	89.847	18.076	0	150	79.772
7295	4	1	152.05	118.38	152.05	118.38	3.5263	70.698	17.37	3.3027	150	94.501
7306	3	1	158.01	121.01	158.01	121.01	4.0452	71.713	14.449	4.9626	150	120.98
7336	3	1	152.77	126.87	152.77	126.87	4.2185	68.398	15.82	4.3704	150	125.02
7353	3	1	154.1	139.78	154.1	139.78	4.5886	116.99	6.331	44.084	150	123.26
7382	4	1	149.02	148.73	149.02	148.73	2.756	143.52	11.341	0	150	105.73
7383	3	1	149.58	152.98	149.58	152.98	5.1475	463.18	5.4522	402.82	150	113.5
7396	3	1	159.47	91.105	159.47	91.105	3.4047	64.65	17.199	3.6766	150	84.385
7442	4	1	162.31	115.4	162.31	115.4	3.4146	59.496	14.762	2.9329	150	117.69
7471	4	1	155.42	127.13	155.42	127.13	3.7877	95.407	12.823	6.2329	150	97.071
7520	3	1	164.97	108.19	164.97	108.19	0.90348	143.24	3.0519	0	150	43.424
7576	4	1	169.82	123.53	169.82	123.53	5.4624	489.93	5.7589	425.93	150	103.38
7579	3	1	163.93	132.07	163.93	132.07	2.7732	217.19	83.985	0	150	85.105
7595	1	1	168.16	135.96	168.16	135.96	13.437	312.49	13.802	292.96	150	84.406
7607	3	1	168.48	118.49	168.48	118.49	2.9724	84.05	15	0	150	115.13
7626	4	1	166.85	108.33	166.85	108.33	0.86171	2269.1	0.93363	1389.8	150	61.19
7651	4	1	170.35	115.78	170.35	115.78	4.8047	903.49	4.9471	839.58	150	101.29
7696	4	1	179.01	108.49	179.01	108.49	2.8256	89.609	14.412	4.5931	150	86.827
7700	2	1	171.83	110.76	171.83	110.76	8.2198	32.643	24.409	2.662	150	106.26
7701	1	1	165.6	102.9	165.6	102.9	15.187	352.95	15.435	336.61	150	71.367
7702	3	1	169.61	111.34	169.61	111.34	2.622	71.479	16.434	0	150	104.58
7717	6	1	175.2	100.88	175.2	100.88	8.166	2.3954	944.12	0.040669	150	51.688
7726	3	1	182.46	109.8	182.46	109.8	4.8388	346.03	5.2634	281.91	150	72.476
7744	3	1	191.58	113.57	191.58	113.57	3.3324	100.97	11.429	7.495	150	94.334
7746	4	1	181.63	116.7	181.63	116.7	3.0675	84.947	18.011	2.4895	150	106.14
