  753.0000  217.5000
  753.0000  362.5000
  753.0000  507.5000
  753.0000  652.5000
  627.0000  145.0000
  627.0000  290.0000
  627.0000  435.0000
  627.0000  580.0000
  627.0000  725.0000
  502.0000   72.5000
  502.0000  217.5000
  502.0000  362.5000
  502.0000  507.5000
  502.0000  652.5000
  502.0000  797.5000
  376.0000         0
  376.0000  145.0000
  376.0000  290.0000
  376.0000  435.0000
  376.0000  580.0000
  376.0000  725.0000
  376.0000  870.0000
  251.0000   72.5000
  251.0000  217.5000
  251.0000  362.5000
  251.0000  507.5000
  251.0000  652.5000
  251.0000  797.5000
  125.0000  145.0000
  125.0000  290.0000
  125.0000  435.0000
  125.0000  580.0000
  125.0000  725.0000
         0  217.5000
         0  362.5000
         0  507.5000
         0  652.5000