    0.0  412.5
    0.0  487.5
    0.0  562.5
   65.0  300.0
   65.0  375.0
   65.0  450.0
   65.0  525.0
   65.0  600.0
   65.0  675.0
   130.0  187.5
   130.0  262.5
   130.0  337.5
   130.0  412.5
   130.0  487.5
   130.0  562.5
   130.0  637.5
   130.0  712.5
   130.0  787.5
   195.0  75.0
   195.0  150.0
   195.0  225.0
   195.0  300.0
   195.0  375.0
   195.0  450.0
   195.0  525.0
   195.0  600.0
   195.0  675.0
   195.0  750.0
   195.0  825.0
   260.0  37.5
   260.0  112.5
   260.0  187.5
   260.0  262.5
   260.0  337.5
   260.0  412.5
   260.0  487.5
   260.0  562.5
   260.0  637.5
   260.0  712.5
   260.0  787.5
   260.0  862.5
   325.0   0.0
   325.0  75.0
   325.0  150.0
   325.0  225.0
   325.0  300.0
   325.0  375.0
   325.0  450.0
   325.0  525.0
   325.0  600.0
   325.0  675.0
   325.0  750.0
   325.0  825.0
   390.0  37.5
   390.0  112.5
   390.0  187.5
   390.0  262.5
   390.0  337.5
   390.0  412.5
   390.0  487.5
   390.0  562.5
   390.0  637.5
   390.0  712.5
   390.0  787.5
   390.0  862.5
   455.0   0.0
   455.0  75.0
   455.0  150.0
   455.0  225.0
   455.0  300.0
   455.0  375.0
   455.0  450.0
   455.0  525.0
   455.0  600.0
   455.0  675.0
   455.0  750.0
   455.0  825.0
   520.0  37.5
   520.0  112.5
   520.0  187.5
   520.0  262.5
   520.0  337.5
   520.0  412.5
   520.0  487.5
   520.0  562.5
   520.0  637.5
   520.0  712.5
   520.0  787.5
   520.0  862.5
   585.0   0.0
   585.0  75.0
   585.0  150.0
   585.0  225.0
   585.0  300.0
   585.0  375.0
   585.0  450.0
   585.0  525.0
   585.0  600.0
   585.0  675.0
   585.0  750.0
   585.0  825.0
   650.0  37.5
   650.0  112.5
   650.0  187.5
   650.0  262.5
   650.0  337.5
   650.0  412.5
   650.0  487.5
   650.0  562.5
   650.0  637.5
   650.0  712.5
   650.0  787.5
   650.0  862.5
   714.0  75.0
   714.0  150.0
   714.0  225.0
   714.0  300.0
   714.0  375.0
   714.0  450.0
   714.0  525.0
   714.0  600.0
   714.0  675.0
   714.0  750.0
   714.0  825.0
   779.0  112.5
   779.0  187.5
   779.0  262.5
   779.0  337.5
   779.0  412.5
   779.0  487.5
   779.0  562.5
   779.0  637.5
   779.0  712.5
   844.0  225.0
   844.0  300.0
   844.0  375.0
   844.0  450.0
   844.0  525.0
   844.0  600.0
   909.0  337.5
   909.0  412.5
   909.0  487.5
