   -65.0  375.0
   -65.0  450.0
   -65.0  525.0
   -65.0  600.0
    0.0  262.5
    0.0  337.5
    0.0  637.5
    0.0  712.5
   65.0  150.0
   65.0  225.0
   65.0  750.0
   65.0  825.0
   130.0  37.5
   130.0  112.5
   130.0  862.5
   195.0   0.0
   195.0  900.0
   260.0  -37.5
   260.0  937.5
   325.0  -75.0
   325.0  900.0
   390.0  -37.5
   390.0  937.5
   455.0  -75.0
   455.0  900.0
   520.0  -37.5
   520.0  937.5
   585.0  -75.0
   585.0  900.0
   650.0  -37.5
   650.0  937.5
   714.0   0.0
   714.0  900.0
   779.0  37.5
   779.0  787.5
   779.0  862.5
   844.0  75.0
   844.0  150.0
   844.0  675.0
   844.0  750.0
   909.0  187.5
   909.0  262.5
   909.0  562.5
   909.0  637.5
   974.0  300.0
   974.0  375.0
   974.0  450.0
   974.0  525.0
