7.185020243843405E-2	9.141549028726656E-2	2.433384966111797E-1
7.39530099193505E-2	9.13950566760932E-2	2.516330785857462E-1
7.592968284570893E-2	9.132624772590216E-2	2.6023984368801184E-1
7.77774474999607E-2	9.121557109967302E-2	2.69164307476297E-1
7.949477945324308E-2	9.106927766427245E-2	2.7841157104784436E-1
8.108132158576856E-2	9.089334595794084E-2	2.8798626515856696E-1
8.253779285979738E-2	9.06934720005889E-2	2.978924919326285E-1
8.386589070648443E-2	9.047506379540315E-2	3.081337643242605E-1
8.506818964044345E-2	9.024323990044958E-2	3.1871294352778845E-1
8.614803843319209E-2	9.000283148576528E-2	3.296321745697119E-1
8.710945787872448E-2	8.975838733375317E-2	3.408928203530433E-1
8.795704087841158E-2	8.95141812846953E-2	3.524953944639612E-1
8.869585627260637E-2	8.927422167608642E-2	3.6443949309039775E-1
8.933135755824911E-2	8.904226237017719E-2	3.7672372644239355E-1
8.986929736276496E-2	8.882181500859596E-2	3.8934565010450817E-1
9.031564829950892E-2	8.861616217737325E-2	4.023016967902853E-1
9.067653060918555E-2	8.842837120524212E-2	4.1558710900805196E-1
9.095814680027313E-2	8.826130835734984E-2	4.291958731841087E-1
9.116672333533826E-2	8.811765322082095E-2	4.431206558252424E-1
9.130845927321843E-2	8.799991311131046E-2	4.5735274233508133E-1
9.138948166323636E-2	8.791043735852355E-2	4.718819791271048E-1
9.141580739937871E-2	8.785143135435068E-2	4.866967197037485E-1
9.13933111746486E-2	8.782497027060902E-2	5.01783775389968E-1
9.132769912708605E-2	8.783301237349767E-2	5.171283714258313E-1
9.122448773806499E-2	8.787741187929417E-2	5.327141091306313E-1
9.10889875253443E-2	8.795993131114918E-2	5.485229348547648E-1
9.092629106877444E-2	8.808225332988866E-2	5.645351164291323E-1
9.07412649107215E-2	8.824599202223549E-2	5.807292278098976E-1
9.05385448862313E-2	8.845270363966529E-2	5.970821425954969E-1
9.032253445607044E-2	8.87038967879288E-2	6.135690370624843E-1
9.009740563970996E-2	8.900104207397556E-2	6.301634033284951E-1
8.986710217116871E-2	8.934558122114919E-2	6.468370732018331E-1
8.96353445293765E-2	8.97389356682621E-2	6.635602532210545E-1
8.940563652413536E-2	9.018251466958929E-2	6.803015713196384E-1
8.918127314865039E-2	9.067772291612464E-2	6.970281354757553E-1
8.896534943898876E-2	9.122596769862507E-2	7.137056046225713E-1
8.876077010882458E-2	9.18286656344277E-2	7.302982720002346E-1
8.857025975616986E-2	9.248724897945133E-2	7.467691610304912E-1
8.839637346290796E-2	9.320317154716026E-2	7.630801336855632E-1
8.824150763351993E-2	9.39779142552835E-2	7.791920112097007E-1
8.810791094018171E-2	9.481299032016512E-2	7.950647069300748E-1
8.79976952624536E-2	9.570995011787868E-2	8.106573707721936E-1
8.791284652752734E-2	9.667038572930133E-2	8.259285449661985E-1
8.7855235374054E-2	9.769593518551185E-2	8.40836330304195E-1
8.782662757640716E-2	9.878828642783295E-2	8.553385621802199E-1
8.78286941805204E-2	9.994918099550874E-2	8.693929955189496E-1
8.786302131212688E-2	1.0118041745206169E-1	8.829574975766078E-1
8.793111962952238E-2	1.0248385455969435E-1	8.959902474811149E-1
8.80344334011228E-2	1.0386141420949346E-1	9.084499412668192E-1
8.81743491947113E-2	1.0531508411301777E-1	9.202960010594322E-1
8.83522041725274E-2	1.0684692025940593E-1	9.314887869732466E-1
8.856929399057477E-2	1.0845904914034091E-1	9.419898102056259E-1
8.882688030511818E-2	1.1015366974301337E-1	9.517619457445076E-1
8.912619789294317E-2	1.1193305531016072E-1	9.607696430565037E-1
8.946846139428351E-2	1.1379955486387852E-1	9.689791330849676E-1
8.985487168950096E-2	1.1575559448864604E-1	9.763586298691992E-1
9.028662192257932E-2	1.1780367836716835E-1	9.828785250967768E-1
9.076490318486206E-2	1.199463895610354E-1	9.885115739153946E-1
9.129090987351976E-2	1.2218639052665245E-1	9.93233070368702E-1
9.186584473988439E-2	1.2452642335541447E-1	9.970210108746643E-1
9.249092364196553E-2	1.2696930972545292E-1	9.998562442378751E-1
9.316738001612537E-2	1.295179505510594E-1	1.0017226067790972E+0
9.389646908189539E-2	1.3217532531449838E-1	1.0026070412735002E+0
9.467947179361977E-2	1.349444910633649E-1	1.0024996985150465E+0
9.551769855165138E-2	1.3782858105599585E-1	1.001394020463463E+0
9.641249268527859E-2	1.408308030355101E-1	9.992868040853828E-1
9.736523371838406E-2	1.4395443711292372E-1	9.961782451667125E-1
9.837734042781776E-2	1.4720283323783956E-1	9.920719615489282E-1
9.945027370372378E-2	1.5057940823538177E-1	9.869749954266682E-1
1.0058553921947115E-1	1.540876423863406E-1	9.808977945332584E-1
1.0178468991828561E-1	1.5773107552763266E-1	9.738541722341664E-1
1.0304932832188284E-1	1.6151330264945427E-1	9.658612467428943E-1
1.0438110866607825E-1	1.654379689649137E-1	9.569393598668188E-1
1.0578173886609094E-1	1.695087644280878E-1	9.471119758788353E-1
1.0725298231439973E-1	1.7372941767672687E-1	9.364055612954619E-1
1.0879665951168335E-1	1.7810368937512602E-1	9.248494465150909E-1
1.1041464953097554E-1	1.8263536493410581E-1	9.124756704350124E-1
1.1210889131389933E-1	1.873282465850747E-1	8.993188093174408E-1
1.138813847963906E-1	1.9218614478614443E-1	8.854157913111984E-1
1.157341918607956E-1	1.9721286893938098E-1	8.708056981575942E-1
1.1766943710963697E-1	2.0241221739974316E-1	8.555295557119326E-1
1.1968930845574309E-1	2.0778796675757744E-1	8.396301149981965E-1
1.2179605752206446E-1	2.1334386037899314E-1	8.231516255785593E-1
1.2399199984374716E-1	2.1908359618999476E-1	8.061396030672476E-1
1.2627951486397354E-1	2.2501081369343048E-1	7.886405926419932E-1
1.2866104571423378E-1	2.3112908021016781E-1	7.707019304129791E-1
1.311390987687282E-1	2.3744187633953004E-1	7.523715044936296E-1
1.3371624296175072E-1	2.439525806368144E-1	7.336975175850722E-1
1.3639510885631928E-1	2.506644535109039E-1	7.147282528315855E-1
1.3917838745122565E-1	2.5758062034742396E-1	6.95511844636781E-1
1.42068828713184E-1	2.647040538691796E-1	6.760960560425281E-1
1.450692398202274E-1	2.720375557490341E-1	6.565280641724295E-1
1.4818248310147342E-1	2.795837374968177E-1	6.368542551279015E-1
1.5141147365858837E-1	2.8734500064658125E-1	6.171200295995861E-1
1.5475917665300298E-1	2.953235162767631E-1	5.973696203218193E-1
1.582286042432567E-1	3.035212039019185E-1	5.776459223565651E-1
1.6182281215615898E-1	3.1193970978114427E-1	5.579903370446389E-1
1.6554489587555454E-1	3.2058038469501776E-1	5.384426303113817E-1
1.6939798643207568E-1	3.2944426124968185E-1	5.190408058608244E-1
1.7338524577751777E-1	3.3853203077410227E-1	4.99820993639765E-1
1.7750986172788616E-1	3.478440198836906E-1	4.8081735380297147E-1
1.8177504245854548E-1	3.5738016679058643E-1	4.6206199626385286E-1
1.8618401053636316E-1	3.67139997448819E-1	4.435849157735554E-1
1.907399964734855E-1	3.7712260162976735E-1	4.2541394233754426E-1
1.9544623178862752E-1	3.8732660903080746E-1	4.0757470665174894E-1
2.0030594156208004E-1	3.977501655273487E-1	3.9009062012401163E-1
2.053223364721157E-1	4.08390909685874E-1	3.729828689390057E-1
2.1049860430139453E-1	4.192459496616984E-1	3.5627042152932387E-1
2.1583790090330446E-1	4.303118406131481E-1	3.3997004873053904E-1
2.2134334062016722E-1	4.4158456276861124E-1	3.2409635582550916E-1
2.270179861459722E-1	4.530595002898542E-1	3.0866182562249056E-1
2.3286483782978828E-1	4.647314210794164E-1	2.936768716629408E-1
2.3888682241635E-1	4.765944576848665E-1	2.7914990061830747E-1
2.4508678122429195E-1	4.8864208945664395E-1	2.650873829099397E-1
2.51467457764111E-1	5.008671261190731E-1	2.5149393057242553E-1
2.580314848006039E-1	5.132616929167317E-1	2.3837238137763275E-1
2.647813708686478E-1	5.258172174988703E-1	2.257238882433819E-1
2.717194862526133E-1	5.385244187062267E-1	2.1354801296704704E-1
2.7884804844499234E-1	5.513732974221537E-1	2.0184282334890907E-1
2.8616910710188287E-1	5.643531296495654E-1	1.9060499280248225E-1
2.9368452851755844E-1	5.774524619702327E-1	1.7982990158801448E-1
3.013959796441827E-1	5.906591095405804E-1	1.695117388501997E-1
3.093049116867193E-1	6.03960156770484E-1	1.5964360469101138E-1
3.174125433076798E-1	6.173419608253226E-1	1.5021761156210806E-1
3.25719843480241E-1	6.307901580831898E-1	1.4122498431823596E-1
3.342275140335425E-1	6.442896736685879E-1	1.326561583318926E-1
3.429359719379925E-1	6.578247341726456E-1	1.2450087513000853E-1
3.5184533138378593E-1	6.713788836582786E-1	1.1674827507426094E-1
3.6095538570969976E-1	6.849350030326472E-1	1.0938698666747829E-1
3.702655892453558E-1	6.984753328557591E-1	1.0240521212868516E-1
3.7977503913350796E-1	7.119814996359579E-1	9.579080893784749E-2
3.894824572048904E-1	7.254345456457714E-1	8.953136710815647E-2
3.993861719821436E-1	7.388149622722384E-1	8.361428199799055E-2
4.094841008939854E-1	7.521027268957222E-1	7.802682252624382E-2
4.197737327855331E-1	7.652773432700612E-1	7.275619470313312E-2
4.3025211081464715E-1	7.783178853552787E-1	6.778960043372573E-2
4.409158158279917E-1	7.912030445307657E-1	6.311429159301316E-2
4.5176095031448615E-1	8.039111800947975E-1	5.871761940920946E-2
4.627831230373014E-1	8.164203729317616E-1	5.4587079226162766E-2
4.739774344475175E-1	8.287084822052442E-1	5.0710350746169204E-2
4.8533846298693845E-1	8.407532049118688E-1	4.707533388116209E-2
4.968602523875328E-1	8.525321381060583E-1	4.367018036326634E-2
5.085363000780404E-1	8.640228435841745E-1	4.048332128521681E-2
5.203595468087949E-1	8.752029147932828E-1	3.750349075716819E-2
5.323223676054557E-1	8.860500457082213E-1	3.471974587928966E-2
5.444165641638065E-1	8.965421013992585E-1	3.212148323927522E-2
5.566333587944619E-1	9.066571899947468E-1	2.9698452150822903E-2
5.68963390026834E-1	9.163737357236975E-1	2.7440764853451285E-2
5.813967099776562E-1	9.256705527068138E-1	2.5338903895832755E-2
5.939227835868395E-1	9.345269191513319E-1	2.3383726924587428E-2
6.065304898192327E-1	9.429226515899505E-1	2.1566469098173387E-2
6.192081249258049E-1	9.508381787960634E-1	1.987874334156807E-2
6.319434078522953E-1	9.58254614997987E-1	1.831253865194515E-2
6.447234878759909E-1	9.651538320088903E-1	1.686021665881632E-2
6.575349545451501E-1	9.7151852988734E-1	1.551450663427021E-2
6.703638499857467E-1	9.773323057408594E-1	1.4268499140244051E-2
6.831956836320988E-1	9.82579720289643E-1	1.3115638490369392E-2
6.960154494278686E-1	9.872463618093816E-1	1.2049714194008812E-2
7.088076455320879E-1	9.913189070835433E-1	1.1064851539826028E-2
7.215562965551644E-1	9.947851790024979E-1	1.0155501465712355E-2
7.342449783358143E-1	9.976342004632702E-1	9.316429851307439E-3
7.468568452582935E-1	9.998562442378752E-1	8.5427063587585E-3
7.593746600949005E-1	1.001442878497728E+0	7.829692936919107E-3
7.71780826345674E-1	1.0023870077024712E+0	7.1730320939330395E-3
7.840574230314672E-1	1.0026829085866298E+0	6.56863503319032E-3
7.961862418836894E-1	1.002326261001036E+0	6.012669738030992E-3
8.08148826857114E-1	1.0013141733966393E+0	5.501549081350367E-3
8.199265158778668E-1	9.996452027660692E-1	5.031919027488741E-3
8.315004847234424E-1	9.973193688917809E-1	4.600646985478337E-3
8.428517929161092E-1	9.943381627807271E-1	4.204810364907163E-3
8.539614314964826E-1	9.907045492013098E-1	3.841685378349952E-3
8.648103725278439E-1	9.864229632719637E-1	3.50873612752007E-3
8.753796201698946E-1	9.81499301087963E-1	3.2036040040124814E-3
8.856502631438935E-1	9.759409044067097E-1	2.9240974297339854E-3
8.956035284001654E-1	9.697565394503699E-1	2.6681819568369408E-3
9.052208357853511E-1	9.629563699182299E-1	2.4339707421827807E-3
9.144838534946452E-1	9.555519243373533E-1	2.219715407033661E-3
9.233745540857531E-1	9.475560579144907E-1	2.023797288795255E-3
9.318752708186521E-1	9.389829090844548E-1	1.8447190881797676E-3
9.399687540801014E-1	9.298478509828488E-1	1.6810969121113248E-3
9.476382276421058E-1	9.201674381005479E-1	1.5316527100246162E-3
9.54867444499608E-1	9.099593484059015E-1	1.3952070988902878E-3
9.616407420280384E-1	8.99242321246166E-1	1.2706725703128825E-3
9.679430961978913E-1	8.880360913634894E-1	1.157047071361272E-3
9.737601745840919E-1	8.763613193829544E-1	1.0534079493837523E-3
9.790783879067512E-1	8.64239519146888E-1	9.589062499075134E-4
9.838849398432593E-1	8.516929822868649E-1	8.727613557994058E-4
9.881678748558581E-1	8.387447004373093E-1	7.942559551501099E-4
9.919161237828873E-1	8.254182855043979E-1	7.227313248159577E-4
9.951195469521756E-1	8.1173788841014E-1	6.575829161907266E-4
9.97768974580533E-1	7.977281167367218E-1	5.982562295642458E-4
9.998562442379139E-1	7.834139516959913E-1	5.442429633390003E-4
1.0013742351633559E+0	7.688206648467429E-1	4.950774244014958E-4
1.0023168992373241E+0	7.539737349778558E-1	4.503331860682506E-4
1.0026792884273454E+0	7.388987655667933E-1	4.096199802313761E-4
1.0024575785428413E+0	7.236214032131136E-1	3.7258081060395187E-4
1.001649089151497E+0	7.081672574320195E-1	3.3888927429744905E-4
1.0002522995298402E+0	6.925618221790022E-1	3.082470793436921E-4
9.982668605400346E-1	6.768303994569114E-1	2.803817461904293E-4
9.956936023465519E-1	6.609980253382114E-1	2.5504448164558383E-4
9.925345379075661E-1	6.450893987125904E-1	2.320082142123636E-4
9.887928621990645E-1	6.291288130466741E-1	2.1106578023874853E-4
9.844729471521788E-1	6.1314009141798E-1	1.9202825079496616E-4
9.795803323066199E-1	5.971465250588257E-1	1.7472338968601577E-4
9.741217112082557E-1	5.811708156194889E-1	1.589942334988228E-4
9.681049135989399E-1	5.65235021331478E-1	1.4469778507120192E-4
9.615388834730005E-1	5.49360507224611E-1	1.317038122497638E-4
9.544336530946219E-1	5.335678995222285E-1	1.1989374427298433E-4
9.468003130934279E-1	5.178770443117301E-1	1.0915965857226121E-4
9.386509787764704E-1	5.023069705584954E-1	9.940335122575547E-5
9.299987528150584E-1	4.868758575045061E-1	9.053548472607601E-5
9.208576844845029E-1	4.716010064654865E-1	8.247480713225855E-5
9.11242725651637E-1	4.5649881701465533E-1	7.514743706837176E-5
9.011696837235069E-1	4.4158476751591946E-1	6.848620940492197E-5
8.906551717842622E-1	4.268733999455556E-1	6.243007681484878E-5
8.79716556162247E-1	4.123783089187496E-1	5.6923562733287E-5
8.683719016804312E-1	3.9811213481651314E-1	5.191626156938949E-5
8.566399148551103E-1	3.840865608885505E-1	4.73623823197959E-5
8.445398853148529E-1	3.703123141898999E-1	4.322033201705736E-5
8.320916257201358E-1	3.5679917019318363E-1	3.9452335712916946E-5
8.193154104680639E-1	3.4355596090326024E-1	3.60240899464565E-5
8.062319134703346E-1	3.305905862890849E-1	3.2904446881193565E-5
7.928621452942859E-1	3.179100288360431E-1	3.0065126514006056E-5
7.7922738995511E-1	3.055203710136019E-1	2.7480454562848484E-5
7.653491416466935E-1	2.9342681544524546E-1	2.5127123830339102E-5
7.512490416932871E-1	2.816337075627116E-1	2.2983977017115767E-5
7.369488159991342E-1	2.7014456052234653E-1	2.1031809123079053E-5
7.224702132653152E-1	2.5896208215943983E-1	1.925318772693939E-5
7.07834944234551E-1	2.4808820375591759E-1	1.7632289575578997E-5
6.930646222141127E-1	2.3752411039756882E-1	1.6154752045254262E-5
6.781807051153517E-1	2.2727027269958774E-1	1.4807538157276758E-5
6.632044392349568E-1	2.1732647968270646E-1	1.357881394213798E-5
6.481568049898705E-1	2.076918725874274E-1	1.2457837048701634E-5
6.330584648015042E-1	1.9836497941964806E-1	1.1434855589624315E-5
6.179297133099214E-1	1.8934375002833356E-1	1.050101630119538E-5
6.02790430081486E-1	1.8062559152368543E-1	9.648281175763296E-6
5.876600349561184E-1	1.7220740385314753E-1	8.869351798403594E-6
5.725574461631859E-1	1.6408561536201807E-1	8.157600686920237E-6
5.575010413157963E-1	1.5625621817548546E-1	7.507008996108114E-6
5.425086213767688E-1	1.487148032493305E-1	6.912110003878046E-6
5.275973776696112E-1	1.414565949474663E-1	6.367937848726216E-6
5.12783861990806E-1	1.3447648501547715E-1	5.869981035509701E-6
4.9808395986122006E-1	1.2776906583059952E-1	5.414140269900192E-6
4.835128669370504E-1	1.2132866281988922E-1	4.996690221552685E-6
4.6908506858349813E-1	1.1514936594955848E-1	4.614244852258795E-6
4.548143225978059E-1	1.0922506019960042E-1	4.263725978410376E-6
4.407136450521471E-1	1.035494549488638E-1	3.942334767263797E-6
4.267952992120929E-1	9.811611220635995E-2	3.647525893988227E-6
4.13070787471357E-1	9.291847363508833E-2	3.376984111538207E-6
3.9955084623058523E-1	8.79498863246369E-2	3.12860300820824E-6
3.8624544363516994E-1	8.320362727848138E-2	2.9004657485036312E-6
3.731637800754448E-1	7.867292659106963E-2	2.6908276118631994E-6
3.603142913422181E-1	7.435098929847796E-2	2.498100160965532E-6
3.477046543212147E-1	7.023101589457242E-2	2.320836886982247E-6
3.353417951015227E-1	6.630622151230743E-2	2.1577201933524563E-6
3.2323189936592406E-1	6.25698537768238E-2	2.007549592560834E-6
3.1138042492494017E-1	5.901520934356653E-2	1.8692310021273949E-6
2.997921162512968E-1	5.5635649140648974E-2	1.7417670366635172E-6
2.8847102086751675E-1	5.24246123400145E-2	1.6242482025116263E-6
2.774205074365798E-1	4.937562908689536E-2	1.515844910255818E-6
2.666432854035995E-1	4.648233202128697E-2	1.4158002283444608E-6
2.561414260355688E-1	4.37384666289784E-2	1.3234233082831711E-6
2.4591638470643887E-1	4.113790046290866E-2	1.2380834183976248E-6
2.3596902427559582E-1	3.867463127835652E-2	1.1592045290976102E-6
2.262996394097469E-1	3.634279412776298E-2	1.0862603979505792E-6
2.1690798170071304E-1	3.413666746278464E-2	1.0187701077445015E-6
2.0779328543516687E-1	3.205067829255973E-2	9.562940151348998E-7
1.9895429387613142E-1	3.0079406448145843E-2	8.984300714703704E-7
1.9038928592091242E-1	2.8217588003700594E-2	8.448104810140801E-7
1.820961030051675E-1	2.646011790520519E-2	7.950986650595079E-7
1.740721761285041E-1	2.480205185748333E-2	7.4898650341092E-7
1.6631455288315367E-1	2.3238607519871085E-2	7.061918273898026E-7
1.5881992437354803E-1	2.1765165060296566E-2	6.664561409648829E-7
1.5158465192144405E-1	2.037726711662824E-2	6.295425488097154E-7
1.4460479345817429E-1	1.907061821308173E-2	5.952338720888496E-7
1.3787612951263037E-1	1.784108367819975E-2	5.633309345818812E-7
1.3139418871089156E-1	1.668468810949427E-2	5.336510033914884E-7
1.2515427271058205E-1	1.5597613428267385E-2	5.060263699634196E-7
1.191514805004535E-1	1.4576196566448003E-2	4.803030584878789E-7
1.1338073200274193E-1	1.3616926825505063E-2	4.563396499660134E-7
1.078367909231434E-1	1.2716442945653002E-2	4.3400621132469634E-7
1.025142868001519E-1	1.1871529921660894E-2	4.131833199580419E-7
9.740773621244059E-2	1.1079115599638974E-2	3.9376117497503034E-7
9.2511563109494E-2	1.0336267087222954E-2	3.7563878724869484E-7
8.78201182372361E-2	9.640187007609165E-3	3.5872324110086694E-7
8.332769763643669E-2	8.98820962593434E-3	3.4292902112553516E-7
7.902856019762129E-2	8.377796874569056E-3	3.2817739825970565E-7
7.491694426176239E-2	7.806534301976899E-3	3.14395869759368E-7
7.09870832612808E-2	7.272126967930955E-3	3.0151764823534584E-7
6.723322040083159E-2	6.772395306061307E-3	2.8948119535409325E-7
6.364962238193095E-2	6.305270972942142E-3	2.782297962167397E-7
6.023059217975871E-2	5.868792701225433E-3	2.677111707994741E-7
5.69704808843751E-2	5.4611021726923385E-3	2.578771191738297E-7
5.3863698622147245E-2	5.080439925525204E-3	2.4868319752939965E-7
5.090472457644043E-2	4.725141308607367E-3	2.4008842229744093E-7
4.8088116129496095E-2	4.393632494240241E-3	2.3205499992403586E-7
4.5408517150003665E-2	4.084426559322355E-3	2.2454808006864798E-7
4.286066545309086E-2	3.796119643765599E-3	2.1753553021029998E-7
4.043939946142299E-2	3.5273871937389323E-3	2.10987729830868E-7
3.813966409770159E-2	3.2769802962107253E-3	2.0487738251554724E-7
3.595651594022445E-2	3.043722110227456E-3	1.9917934446543242E-7
3.388512767421976E-2	2.8265043994004464E-3	1.9387046805831806E-7
3.192079187251644E-2	2.6242841691810613E-3	1.8892945922241E-7
3.0058924139640973E-2	2.4360804116871737E-3	1.8433674750494037E-7
2.8295065653816613E-2	2.2609709600863027E-3	1.8007436782483087E-7
2.662488514146289E-2	2.0980894538587132E-3	1.7612585299656123E-7
2.5044180318713864E-2	1.94662241563679E-3	1.7247613620219678E-7
2.3548878834275234E-2	1.8058064397541737E-3	1.6911146267104906E-7
2.213503874749739E-2	1.6749254921309574E-3	1.6601930990231845E-7
2.0798848575023128E-2	1.5533083206687448E-3	1.6318831583618491E-7
1.9536626938677967E-2	1.4403259749267427E-3	1.6060821444375523E-7
1.8344821846475505E-2	1.3353894334972177E-3	1.58269778266605E-7
1.7220009637712756E-2	1.23794733718859E-3	1.5616476749313805E-7
1.6158893622153874E-2	1.147483825857899E-3	1.542858852119096E-7
1.5158302442228622E-2	1.06351647650579E-3	1.5262673853217697E-7
1.4215188186060301E-2	9.855943400552093E-4	1.511818053095439E-7
1.3326624277970435E-2	9.132960740757277E-4	1.4994640626027687E-7
1.2489803171884884E-2	8.46228168587059E-4	1.489166822920235E-7
1.170203387184566E-2	7.840232619748437E-4	1.480895769217633E-7
1.0960739302566642E-2	7.263385439764952E-4	1.4746282369436065E-7
1.0263453551717122E-2	6.728542426430619E-4	1.4703493855733387E-7
9.607819004340063E-3	6.232721921516689E-4	1.4680521719015907E-7
8.991583388566949E-3	5.773144783304818E-4	1.4677373732966997E-7
8.412596750537927E-3	5.347221587625176E-4	1.4694136617783028E-7
7.868808375212297E-3	4.952540543533479E-4	1.4730977302443077E-7
7.358263668555968E-3	4.586856092796953E-4	1.4788144726599432E-7
6.8791010154160386E-3	4.2480781627937707E-4	1.4865972205373684E-7
6.429548626260001E-3	3.934262042961659E-4	1.49648803858606E-7
6.007921384850349E-3	3.6435988555498495E-4	1.5085380830084313E-7
5.612617707869539E-3	3.3744065921151463E-4	1.5228080265603208E-7
5.242116426482106E-3	3.1251216879537463E-4	1.539368555200329E-7
4.894973698855111E-3	2.8942911074553396E-4	1.55830094192592E-7
4.569819961717492E-3	2.680564914205147E-4	1.5796977042483553E-7
4.26535692816224E-3	2.482689300523351E-4	1.6036633527050438E-7
3.9803546380515024E-3	2.299500052022656E-4	1.6303152388620517E-7
3.713648566598766E-3	2.129916423665216E-4	1.6597845124351165E-7
3.4641367959548346E-3	1.9729354047134508E-4	1.6922171984753676E-7
3.2307772539284475E-3	1.827626350881725E-4	1.7277754070439243E-7
3.012585023320995E-3	1.693125962907621E-4	1.7666386894635412E-7
2.8086297247471434E-3	1.5686335916644795E-4	1.8090055571107737E-7
2.6180329752511387E-3	1.453406850830242E-4	1.855095180830733E-7
2.4399659245083988E-3	1.3467575190048798E-4	1.9051492914529843E-7
2.2736468699228597E-3	1.2480477140302892E-4	1.9594343046024914E-7
2.1183389514925935E-3	1.1566863231065817E-4	2.0182436960810182E-7
1.9733479269138754E-3	1.0721256731182698E-4	2.0819006575945436E-7
1.8380200270318933E-3	9.938584263792334E-5	2.1507610665844424E-7
1.7117398914151074E-3	9.214146877760933E-5	2.2252168084556204E-7
1.5939285835355652E-3	8.54359310034588E-5	2.3056994946651058E-7
1.484041684772558E-3	7.922893845519078E-5	2.3926846260371916E-7
1.3815674662213233E-3	7.348319059293866E-5	2.486696257415234E-7
1.286025137082242E-3	6.816415990037612E-5	2.5883122274744303E-7
1.196963168224143E-3	6.323988978121376E-5	2.698170026352494E-7
1.1139576893592347E-3	5.868080665346015E-5	2.8169733838797404E-7
1.0366109581326345E-3	5.4459545304097004E-5	2.9454996728048404E-7
9.645498993171196E-4	5.055078662233006E-5	3.084608234753401E-7
8.974247122098806E-4	4.693110688248854E-5	3.2352497519915017E-7
8.34907544252509E-4	4.357883779795982E-5	3.3984768057152253E-7
7.766912288370298E-4	4.0473936615380526E-5	3.575455781914033E-7
7.224880852159558E-4	3.759786556364231E-5	3.767480309296739E-7
6.720287784047598E-4	3.4933480015273426E-5	3.9759864408201615E-7
6.250612369469805E-4	3.24649247584529E-5	4.202569821615901E-7
